    0.0000000000e+00    0.0000000000e+00
    0.0000000000e+00    3.2552083333e-03
    0.0000000000e+00    6.5104166667e-03
    0.0000000000e+00    9.7656250000e-03
    0.0000000000e+00    1.3020833333e-02
    0.0000000000e+00    1.6276041667e-02
    0.0000000000e+00    1.9531250000e-02
    0.0000000000e+00    2.2786458333e-02
    0.0000000000e+00    2.6041666667e-02
    0.0000000000e+00    2.9296875000e-02
    0.0000000000e+00    3.2552083333e-02
    0.0000000000e+00    3.5807291667e-02
    0.0000000000e+00    3.9062500000e-02
    0.0000000000e+00    4.2317708333e-02
    0.0000000000e+00    4.5572916667e-02
    0.0000000000e+00    4.8828125000e-02
    0.0000000000e+00    5.2083333333e-02
    0.0000000000e+00    5.5338541667e-02
    0.0000000000e+00    5.8593750000e-02
    0.0000000000e+00    6.1848958333e-02
    0.0000000000e+00    6.5104166667e-02
    0.0000000000e+00    6.8359375000e-02
    0.0000000000e+00    7.1614583333e-02
    0.0000000000e+00    7.4869791667e-02
    0.0000000000e+00    7.8125000000e-02
    0.0000000000e+00    8.1380208333e-02
    0.0000000000e+00    8.4635416667e-02
    0.0000000000e+00    8.7890625000e-02
    0.0000000000e+00    9.1145833333e-02
    0.0000000000e+00    9.4401041667e-02
    0.0000000000e+00    9.7656250000e-02
    0.0000000000e+00    1.0091145833e-01
    0.0000000000e+00    1.0416666667e-01
    0.0000000000e+00    1.0742187500e-01
    0.0000000000e+00    1.1067708333e-01
    0.0000000000e+00    1.1393229167e-01
    0.0000000000e+00    1.1718750000e-01
    0.0000000000e+00    1.2044270833e-01
    0.0000000000e+00    1.2369791667e-01
    0.0000000000e+00    1.2695312500e-01
    0.0000000000e+00    1.3020833333e-01
    0.0000000000e+00    1.3346354167e-01
    0.0000000000e+00    1.3671875000e-01
    0.0000000000e+00    1.3997395833e-01
    0.0000000000e+00    1.4322916667e-01
    1.3635384781e-03    1.4648437500e-01
    1.3635384781e-03    1.4973958333e-01
    1.3635384781e-03    1.5299479167e-01
    1.3635384781e-03    1.5625000000e-01
    1.3635384781e-03    1.5950520833e-01
    0.0000000000e+00    1.6276041667e-01
    0.0000000000e+00    1.6601562500e-01
   -1.3635384781e-03    1.6927083333e-01
   -4.0906154344e-03    1.7252604167e-01
   -5.4541539125e-03    1.7578125000e-01
   -6.8176923906e-03    1.7903645833e-01
   -6.8176923906e-03    1.8229166667e-01
   -8.1812308687e-03    1.8554687500e-01
   -8.1812308687e-03    1.8880208333e-01
   -8.1812308687e-03    1.9205729167e-01
   -8.1812308687e-03    1.9531250000e-01
   -8.1812308687e-03    1.9856770833e-01
   -8.1812308687e-03    2.0182291667e-01
   -9.5447693468e-03    2.0507812500e-01
   -9.5447693468e-03    2.0833333333e-01
   -9.5447693468e-03    2.1158854167e-01
   -9.5447693468e-03    2.1484375000e-01
   -9.5447693468e-03    2.1809895833e-01
   -9.5447693468e-03    2.2135416667e-01
   -1.0908307825e-02    2.2460937500e-01
   -1.0908307825e-02    2.2786458333e-01
   -1.0908307825e-02    2.3111979167e-01
   -1.0908307825e-02    2.3437500000e-01
   -1.2271846303e-02    2.3763020833e-01
   -1.2271846303e-02    2.4088541667e-01
   -1.2271846303e-02    2.4414062500e-01
   -1.3635384781e-02    2.4739583333e-01
   -1.3635384781e-02    2.5065104167e-01
   -1.3635384781e-02    2.5390625000e-01
   -1.3635384781e-02    2.5716145833e-01
   -1.3635384781e-02    2.6041666667e-01
   -1.3635384781e-02    2.6367187500e-01
   -1.3635384781e-02    2.6692708333e-01
   -1.3635384781e-02    2.7018229167e-01
   -1.4998923259e-02    2.7343750000e-01
   -1.4998923259e-02    2.7669270833e-01
   -1.4998923259e-02    2.7994791667e-01
   -1.4998923259e-02    2.8320312500e-01
   -1.4998923259e-02    2.8645833333e-01
   -1.4998923259e-02    2.8971354167e-01
   -1.4998923259e-02    2.9296875000e-01
   -1.4998923259e-02    2.9622395833e-01
   -1.4998923259e-02    2.9947916667e-01
   -1.4998923259e-02    3.0273437500e-01
   -1.4998923259e-02    3.0598958333e-01
   -1.4998923259e-02    3.0924479167e-01
   -1.6362461737e-02    3.1250000000e-01
   -1.6362461737e-02    3.1575520833e-01
   -1.4998923259e-02    3.1901041667e-01
   -1.4998923259e-02    3.2226562500e-01
   -1.4998923259e-02    3.2552083333e-01
   -1.4998923259e-02    3.2877604167e-01
   -1.4998923259e-02    3.3203125000e-01
   -1.4998923259e-02    3.3528645833e-01
   -1.4998923259e-02    3.3854166667e-01
   -1.4998923259e-02    3.4179687500e-01
   -1.4998923259e-02    3.4505208333e-01
   -1.4998923259e-02    3.4830729167e-01
   -1.3635384781e-02    3.5156250000e-01
   -1.3635384781e-02    3.5481770833e-01
   -1.3635384781e-02    3.5807291667e-01
   -1.2271846303e-02    3.6132812500e-01
   -1.0908307825e-02    3.6458333333e-01
   -1.0908307825e-02    3.6783854167e-01
   -9.5447693468e-03    3.7109375000e-01
   -9.5447693468e-03    3.7434895833e-01
   -9.5447693468e-03    3.7760416667e-01
   -9.5447693468e-03    3.8085937500e-01
   -9.5447693468e-03    3.8411458333e-01
   -9.5447693468e-03    3.8736979167e-01
   -9.5447693468e-03    3.9062500000e-01
   -8.1812308687e-03    3.9388020833e-01
   -5.4541539125e-03    3.9713541667e-01
   -5.4541539125e-03    4.0039062500e-01
   -4.0906154344e-03    4.0364583333e-01
   -4.0906154344e-03    4.0690104167e-01
   -4.0906154344e-03    4.1015625000e-01
   -4.0906154344e-03    4.1341145833e-01
   -2.7270769562e-03    4.1666666667e-01
   -2.7270769562e-03    4.1992187500e-01
   -2.7270769562e-03    4.2317708333e-01
   -2.7270769562e-03    4.2643229167e-01
   -2.7270769562e-03    4.2968750000e-01
   -2.7270769562e-03    4.3294270833e-01
   -1.3635384781e-03    4.3619791667e-01
   -1.3635384781e-03    4.3945312500e-01
   -1.3635384781e-03    4.4270833333e-01
   -1.3635384781e-03    4.4596354167e-01
   -1.3635384781e-03    4.4921875000e-01
   -1.3635384781e-03    4.5247395833e-01
   -1.3635384781e-03    4.5572916667e-01
   -1.3635384781e-03    4.5898437500e-01
   -1.3635384781e-03    4.6223958333e-01
   -1.3635384781e-03    4.6549479167e-01
   -1.3635384781e-03    4.6875000000e-01
   -1.3635384781e-03    4.7200520833e-01
   -1.3635384781e-03    4.7526041667e-01
   -1.3635384781e-03    4.7851562500e-01
   -8.1812308687e-03    4.8177083333e-01
   -1.4998923259e-02    4.8502604167e-01
   -1.7726000216e-02    4.8828125000e-01
   -1.7726000216e-02    4.9153645833e-01
   -1.7726000216e-02    4.9479166667e-01
   -1.6362461737e-02    4.9804687500e-01
   -1.6362461737e-02    5.0130208333e-01
   -1.6362461737e-02    5.0455729167e-01
   -1.6362461737e-02    5.0781250000e-01
   -1.6362461737e-02    5.1106770833e-01
   -1.6362461737e-02    5.1432291667e-01
   -1.6362461737e-02    5.1757812500e-01
   -1.6362461737e-02    5.2083333333e-01
   -1.6362461737e-02    5.2408854167e-01
   -1.6362461737e-02    5.2734375000e-01
   -1.6362461737e-02    5.3059895833e-01
   -1.6362461737e-02    5.3385416667e-01
   -1.6362461737e-02    5.3710937500e-01
   -1.4998923259e-02    5.4036458333e-01
   -1.4998923259e-02    5.4361979167e-01
   -1.6362461737e-02    5.4687500000e-01
   -1.6362461737e-02    5.5013020833e-01
   -1.6362461737e-02    5.5338541667e-01
   -2.3180154128e-02    5.5664062500e-01
   -2.9997846519e-02    5.5989583333e-01
   -3.6815538909e-02    5.6315104167e-01
   -4.0906154344e-02    5.6640625000e-01
   -3.8179077387e-02    5.6966145833e-01
   -3.6815538909e-02    5.7291666667e-01
   -3.6815538909e-02    5.7617187500e-01
   -3.5452000431e-02    5.7942708333e-01
   -3.5452000431e-02    5.8268229167e-01
   -3.5452000431e-02    5.8593750000e-01
   -3.5452000431e-02    5.8919270833e-01
   -3.5452000431e-02    5.9244791667e-01
   -3.5452000431e-02    5.9570312500e-01
   -3.5452000431e-02    5.9895833333e-01
   -3.5452000431e-02    6.0221354167e-01
   -3.5452000431e-02    6.0546875000e-01
   -3.5452000431e-02    6.0872395833e-01
   -3.5452000431e-02    6.1197916667e-01
   -3.5452000431e-02    6.1523437500e-01
   -3.5452000431e-02    6.1848958333e-01
   -3.5452000431e-02    6.2174479167e-01
   -3.6815538909e-02    6.2500000000e-01
   -3.6815538909e-02    6.2825520833e-01
   -3.6815538909e-02    6.3151041667e-01
   -3.6815538909e-02    6.3476562500e-01
   -3.8179077387e-02    6.3802083333e-01
   -3.8179077387e-02    6.4127604167e-01
   -3.9542615865e-02    6.4453125000e-01
   -3.9542615865e-02    6.4778645833e-01
   -4.0906154344e-02    6.5104166667e-01
   -4.2269692822e-02    6.5429687500e-01
   -4.2269692822e-02    6.5755208333e-01
   -4.3633231300e-02    6.6080729167e-01
   -4.4996769778e-02    6.6406250000e-01
   -4.4996769778e-02    6.6731770833e-01
   -4.4996769778e-02    6.7057291667e-01
   -4.6360308256e-02    6.7382812500e-01
   -4.6360308256e-02    6.7708333333e-01
   -4.6360308256e-02    6.8033854167e-01
   -4.6360308256e-02    6.8359375000e-01
   -4.6360308256e-02    6.8684895833e-01
   -4.6360308256e-02    6.9010416667e-01
   -4.4996769778e-02    6.9335937500e-01
   -4.4996769778e-02    6.9661458333e-01
   -4.3633231300e-02    6.9986979167e-01
   -3.6815538909e-02    7.0312500000e-01
   -3.1361384997e-02    7.0638020833e-01
   -3.2724923475e-02    7.0963541667e-01
   -3.2724923475e-02    7.1289062500e-01
   -3.4088461953e-02    7.1614583333e-01
   -3.4088461953e-02    7.1940104167e-01
   -3.4088461953e-02    7.2265625000e-01
   -3.4088461953e-02    7.2591145833e-01
   -3.4088461953e-02    7.2916666667e-01
   -3.4088461953e-02    7.3242187500e-01
   -3.4088461953e-02    7.3567708333e-01
   -3.4088461953e-02    7.3893229167e-01
   -3.4088461953e-02    7.4218750000e-01
   -3.4088461953e-02    7.4544270833e-01
   -2.7270769562e-02    7.4869791667e-01
   -2.7270769562e-02    7.5195312500e-01
   -2.5907231084e-02    7.5520833333e-01
   -2.5907231084e-02    7.5846354167e-01
   -2.7270769562e-02    7.6171875000e-01
   -2.7270769562e-02    7.6497395833e-01
   -2.7270769562e-02    7.6822916667e-01
   -2.7270769562e-02    7.7148437500e-01
   -2.7270769562e-02    7.7473958333e-01
   -2.7270769562e-02    7.7799479167e-01
   -2.7270769562e-02    7.8125000000e-01
   -2.7270769562e-02    7.8450520833e-01
   -2.5907231084e-02    7.8776041667e-01
   -2.5907231084e-02    7.9101562500e-01
   -2.3180154128e-02    7.9427083333e-01
   -2.1816615650e-02    7.9752604167e-01
   -2.0453077172e-02    8.0078125000e-01
   -2.0453077172e-02    8.0403645833e-01
   -2.0453077172e-02    8.0729166667e-01
   -1.9089538694e-02    8.1054687500e-01
   -1.9089538694e-02    8.1380208333e-01
   -1.9089538694e-02    8.1705729167e-01
   -1.9089538694e-02    8.2031250000e-01
   -1.9089538694e-02    8.2356770833e-01
   -1.9089538694e-02    8.2682291667e-01
   -2.0453077172e-02    8.3007812500e-01
   -2.0453077172e-02    8.3333333333e-01
   -2.0453077172e-02    8.3658854167e-01
   -2.0453077172e-02    8.3984375000e-01
   -2.1816615650e-02    8.4309895833e-01
   -2.8634308041e-02    8.4635416667e-01
   -3.5452000431e-02    8.4960937500e-01
   -3.5452000431e-02    8.5286458333e-01
   -3.5452000431e-02    8.5611979167e-01
   -3.5452000431e-02    8.5937500000e-01
   -3.5452000431e-02    8.6263020833e-01
   -3.4088461953e-02    8.6588541667e-01
   -3.4088461953e-02    8.6914062500e-01
   -3.4088461953e-02    8.7239583333e-01
   -3.4088461953e-02    8.7565104167e-01
   -3.4088461953e-02    8.7890625000e-01
   -3.4088461953e-02    8.8216145833e-01
   -3.5452000431e-02    8.8541666667e-01
   -3.5452000431e-02    8.8867187500e-01
   -3.5452000431e-02    8.9192708333e-01
   -3.5452000431e-02    8.9518229167e-01
   -3.5452000431e-02    8.9843750000e-01
   -3.5452000431e-02    9.0169270833e-01
   -3.4088461953e-02    9.0494791667e-01
   -3.4088461953e-02    9.0820312500e-01
   -3.4088461953e-02    9.1145833333e-01
   -3.2724923475e-02    9.1471354167e-01
   -3.2724923475e-02    9.1796875000e-01
   -3.1361384997e-02    9.2122395833e-01
   -3.1361384997e-02    9.2447916667e-01
   -3.1361384997e-02    9.2773437500e-01
   -2.9997846519e-02    9.3098958333e-01
   -2.9997846519e-02    9.3424479167e-01
   -2.9997846519e-02    9.3750000000e-01
   -2.8634308041e-02    9.4075520833e-01
   -2.8634308041e-02    9.4401041667e-01
   -2.8634308041e-02    9.4726562500e-01
   -2.7270769562e-02    9.5052083333e-01
   -2.7270769562e-02    9.5377604167e-01
   -2.5907231084e-02    9.5703125000e-01
   -2.5907231084e-02    9.6028645833e-01
   -2.5907231084e-02    9.6354166667e-01
   -2.4543692606e-02    9.6679687500e-01
   -2.4543692606e-02    9.7005208333e-01
   -2.4543692606e-02    9.7330729167e-01
   -2.4543692606e-02    9.7656250000e-01
   -2.4543692606e-02    9.7981770833e-01
   -2.4543692606e-02    9.8307291667e-01
   -2.4543692606e-02    9.8632812500e-01
   -2.4543692606e-02    9.8958333333e-01
   -2.4543692606e-02    9.9283854167e-01
   -2.4543692606e-02    9.9609375000e-01
   -2.5907231084e-02    9.9934895833e-01
   -2.5907231084e-02    1.0026041667e+00
   -2.5907231084e-02    1.0058593750e+00
   -2.5907231084e-02    1.0091145833e+00
   -2.5907231084e-02    1.0123697917e+00
   -2.7270769562e-02    1.0156250000e+00
   -2.8634308041e-02    1.0188802083e+00
   -3.5452000431e-02    1.0221354167e+00
   -3.6815538909e-02    1.0253906250e+00
   -3.6815538909e-02    1.0286458333e+00
   -3.6815538909e-02    1.0319010417e+00
   -3.6815538909e-02    1.0351562500e+00
   -3.6815538909e-02    1.0384114583e+00
   -3.6815538909e-02    1.0416666667e+00
   -3.5452000431e-02    1.0449218750e+00
   -3.5452000431e-02    1.0481770833e+00
   -3.5452000431e-02    1.0514322917e+00
   -3.5452000431e-02    1.0546875000e+00
   -3.4088461953e-02    1.0579427083e+00
   -3.2724923475e-02    1.0611979167e+00
   -3.1361384997e-02    1.0644531250e+00
   -2.9997846519e-02    1.0677083333e+00
   -2.8634308041e-02    1.0709635417e+00
   -2.7270769562e-02    1.0742187500e+00
   -2.5907231084e-02    1.0774739583e+00
   -2.5907231084e-02    1.0807291667e+00
   -2.4543692606e-02    1.0839843750e+00
   -2.3180154128e-02    1.0872395833e+00
   -2.3180154128e-02    1.0904947917e+00
   -2.1816615650e-02    1.0937500000e+00
   -2.1816615650e-02    1.0970052083e+00
   -2.1816615650e-02    1.1002604167e+00
   -2.0453077172e-02    1.1035156250e+00
   -2.0453077172e-02    1.1067708333e+00
   -1.9089538694e-02    1.1100260417e+00
   -1.2271846303e-02    1.1132812500e+00
   -5.4541539125e-03    1.1165364583e+00
   -2.7270769562e-03    1.1197916667e+00
   -2.7270769562e-03    1.1230468750e+00
   -4.0906154344e-03    1.1263020833e+00
   -5.4541539125e-03    1.1295572917e+00
   -6.8176923906e-03    1.1328125000e+00
   -6.8176923906e-03    1.1360677083e+00
   -8.1812308687e-03    1.1393229167e+00
   -6.8176923906e-03    1.1425781250e+00
   -6.8176923906e-03    1.1458333333e+00
   -6.8176923906e-03    1.1490885417e+00
   -5.4541539125e-03    1.1523437500e+00
   -5.4541539125e-03    1.1555989583e+00
   -4.0906154344e-03    1.1588541667e+00
   -4.0906154344e-03    1.1621093750e+00
   -4.0906154344e-03    1.1653645833e+00
   -4.0906154344e-03    1.1686197917e+00
   -4.0906154344e-03    1.1718750000e+00
   -4.0906154344e-03    1.1751302083e+00
   -4.0906154344e-03    1.1783854167e+00
   -4.0906154344e-03    1.1816406250e+00
   -4.0906154344e-03    1.1848958333e+00
   -4.0906154344e-03    1.1881510417e+00
   -4.0906154344e-03    1.1914062500e+00
   -4.0906154344e-03    1.1946614583e+00
   -4.0906154344e-03    1.1979166667e+00
   -4.0906154344e-03    1.2011718750e+00
   -4.0906154344e-03    1.2044270833e+00
   -4.0906154344e-03    1.2076822917e+00
   -4.0906154344e-03    1.2109375000e+00
   -4.0906154344e-03    1.2141927083e+00
   -4.0906154344e-03    1.2174479167e+00
   -2.7270769562e-03    1.2207031250e+00
   -2.7270769562e-03    1.2239583333e+00
   -2.7270769562e-03    1.2272135417e+00
   -2.7270769562e-03    1.2304687500e+00
   -2.7270769562e-03    1.2337239583e+00
   -2.7270769562e-03    1.2369791667e+00
   -2.7270769562e-03    1.2402343750e+00
   -2.7270769562e-03    1.2434895833e+00
   -2.7270769562e-03    1.2467447917e+00
   -2.7270769562e-03    1.2500000000e+00
   -2.7270769562e-03    1.2532552083e+00
   -2.7270769562e-03    1.2565104167e+00
   -2.7270769562e-03    1.2597656250e+00
   -2.7270769562e-03    1.2630208333e+00
   -2.7270769562e-03    1.2662760417e+00
   -2.7270769562e-03    1.2695312500e+00
   -4.0906154344e-03    1.2727864583e+00
   -4.0906154344e-03    1.2760416667e+00
   -4.0906154344e-03    1.2792968750e+00
   -4.0906154344e-03    1.2825520833e+00
   -4.0906154344e-03    1.2858072917e+00
   -5.4541539125e-03    1.2890625000e+00
   -5.4541539125e-03    1.2923177083e+00
   -6.8176923906e-03    1.2955729167e+00
   -8.1812308687e-03    1.2988281250e+00
   -8.1812308687e-03    1.3020833333e+00
   -9.5447693468e-03    1.3053385417e+00
   -1.2271846303e-02    1.3085937500e+00
   -1.4998923259e-02    1.3118489583e+00
   -1.6362461737e-02    1.3151041667e+00
   -1.7726000216e-02    1.3183593750e+00
   -1.9089538694e-02    1.3216145833e+00
   -1.9089538694e-02    1.3248697917e+00
   -1.9089538694e-02    1.3281250000e+00
   -1.9089538694e-02    1.3313802083e+00
   -1.9089538694e-02    1.3346354167e+00
   -1.9089538694e-02    1.3378906250e+00
   -1.9089538694e-02    1.3411458333e+00
   -1.9089538694e-02    1.3444010417e+00
   -1.9089538694e-02    1.3476562500e+00
   -1.9089538694e-02    1.3509114583e+00
   -1.9089538694e-02    1.3541666667e+00
   -1.9089538694e-02    1.3574218750e+00
   -1.9089538694e-02    1.3606770833e+00
   -1.9089538694e-02    1.3639322917e+00
   -1.9089538694e-02    1.3671875000e+00
   -1.9089538694e-02    1.3704427083e+00
   -1.7726000216e-02    1.3736979167e+00
   -1.6362461737e-02    1.3769531250e+00
   -1.4998923259e-02    1.3802083333e+00
   -1.3635384781e-02    1.3834635417e+00
   -1.3635384781e-02    1.3867187500e+00
   -1.2271846303e-02    1.3899739583e+00
   -1.2271846303e-02    1.3932291667e+00
   -1.2271846303e-02    1.3964843750e+00
   -1.0908307825e-02    1.3997395833e+00
   -1.0908307825e-02    1.4029947917e+00
   -1.0908307825e-02    1.4062500000e+00
   -1.0908307825e-02    1.4095052083e+00
   -9.5447693468e-03    1.4127604167e+00
   -9.5447693468e-03    1.4160156250e+00
   -9.5447693468e-03    1.4192708333e+00
   -8.1812308687e-03    1.4225260417e+00
   -8.1812308687e-03    1.4257812500e+00
   -8.1812308687e-03    1.4290364583e+00
   -6.8176923906e-03    1.4322916667e+00
   -6.8176923906e-03    1.4355468750e+00
   -6.8176923906e-03    1.4388020833e+00
   -6.8176923906e-03    1.4420572917e+00
   -6.8176923906e-03    1.4453125000e+00
   -6.8176923906e-03    1.4485677083e+00
   -6.8176923906e-03    1.4518229167e+00
   -1.3635384781e-02    1.4550781250e+00
   -2.0453077172e-02    1.4583333333e+00
   -2.7270769562e-02    1.4615885417e+00
   -2.8634308041e-02    1.4648437500e+00
   -2.8634308041e-02    1.4680989583e+00
   -2.8634308041e-02    1.4713541667e+00
   -2.7270769562e-02    1.4746093750e+00
   -2.7270769562e-02    1.4778645833e+00
   -2.7270769562e-02    1.4811197917e+00
   -2.7270769562e-02    1.4843750000e+00
   -2.7270769562e-02    1.4876302083e+00
   -2.7270769562e-02    1.4908854167e+00
   -2.7270769562e-02    1.4941406250e+00
   -2.7270769562e-02    1.4973958333e+00
   -2.7270769562e-02    1.5006510417e+00
   -2.7270769562e-02    1.5039062500e+00
   -2.7270769562e-02    1.5071614583e+00
   -2.7270769562e-02    1.5104166667e+00
   -2.7270769562e-02    1.5136718750e+00
   -2.7270769562e-02    1.5169270833e+00
   -2.7270769562e-02    1.5201822917e+00
   -2.7270769562e-02    1.5234375000e+00
   -2.7270769562e-02    1.5266927083e+00
   -2.7270769562e-02    1.5299479167e+00
   -2.7270769562e-02    1.5332031250e+00
   -2.7270769562e-02    1.5364583333e+00
   -2.7270769562e-02    1.5397135417e+00
   -2.5907231084e-02    1.5429687500e+00
   -2.5907231084e-02    1.5462239583e+00
   -2.5907231084e-02    1.5494791667e+00
   -2.4543692606e-02    1.5527343750e+00
   -2.4543692606e-02    1.5559895833e+00
   -2.4543692606e-02    1.5592447917e+00
   -2.4543692606e-02    1.5625000000e+00
   -2.4543692606e-02    1.5657552083e+00
   -2.3180154128e-02    1.5690104167e+00
   -2.3180154128e-02    1.5722656250e+00
   -2.3180154128e-02    1.5755208333e+00
   -2.3180154128e-02    1.5787760417e+00
   -2.3180154128e-02    1.5820312500e+00
   -2.3180154128e-02    1.5852864583e+00
   -2.3180154128e-02    1.5885416667e+00
   -2.3180154128e-02    1.5917968750e+00
   -2.3180154128e-02    1.5950520833e+00
   -2.3180154128e-02    1.5983072917e+00
   -2.3180154128e-02    1.6015625000e+00
   -2.3180154128e-02    1.6048177083e+00
   -2.3180154128e-02    1.6080729167e+00
   -2.3180154128e-02    1.6113281250e+00
   -2.3180154128e-02    1.6145833333e+00
   -2.3180154128e-02    1.6178385417e+00
   -2.3180154128e-02    1.6210937500e+00
   -2.3180154128e-02    1.6243489583e+00
   -2.3180154128e-02    1.6276041667e+00
   -2.3180154128e-02    1.6308593750e+00
   -2.3180154128e-02    1.6341145833e+00
   -2.3180154128e-02    1.6373697917e+00
   -2.3180154128e-02    1.6406250000e+00
   -2.3180154128e-02    1.6438802083e+00
   -2.3180154128e-02    1.6471354167e+00
   -2.3180154128e-02    1.6503906250e+00
   -2.3180154128e-02    1.6536458333e+00
   -2.3180154128e-02    1.6569010417e+00
   -2.3180154128e-02    1.6601562500e+00
   -2.4543692606e-02    1.6634114583e+00
   -2.4543692606e-02    1.6666666667e+00
   -2.4543692606e-02    1.6699218750e+00
   -2.5907231084e-02    1.6731770833e+00
   -2.5907231084e-02    1.6764322917e+00
   -2.5907231084e-02    1.6796875000e+00
   -2.7270769562e-02    1.6829427083e+00
   -2.7270769562e-02    1.6861979167e+00
   -2.7270769562e-02    1.6894531250e+00
   -2.8634308041e-02    1.6927083333e+00
   -2.8634308041e-02    1.6959635417e+00
   -2.8634308041e-02    1.6992187500e+00
   -2.8634308041e-02    1.7024739583e+00
   -2.9997846519e-02    1.7057291667e+00
   -2.9997846519e-02    1.7089843750e+00
   -2.9997846519e-02    1.7122395833e+00
   -2.9997846519e-02    1.7154947917e+00
   -3.1361384997e-02    1.7187500000e+00
   -3.1361384997e-02    1.7220052083e+00
   -3.1361384997e-02    1.7252604167e+00
   -3.1361384997e-02    1.7285156250e+00
   -3.2724923475e-02    1.7317708333e+00
   -3.2724923475e-02    1.7350260417e+00
   -3.2724923475e-02    1.7382812500e+00
   -3.2724923475e-02    1.7415364583e+00
   -3.4088461953e-02    1.7447916667e+00
   -3.4088461953e-02    1.7480468750e+00
   -3.4088461953e-02    1.7513020833e+00
   -3.4088461953e-02    1.7545572917e+00
   -3.4088461953e-02    1.7578125000e+00
   -3.4088461953e-02    1.7610677083e+00
   -3.5452000431e-02    1.7643229167e+00
   -3.5452000431e-02    1.7675781250e+00
   -3.5452000431e-02    1.7708333333e+00
   -3.5452000431e-02    1.7740885417e+00
   -3.5452000431e-02    1.7773437500e+00
   -3.5452000431e-02    1.7805989583e+00
   -3.6815538909e-02    1.7838541667e+00
   -3.6815538909e-02    1.7871093750e+00
   -3.6815538909e-02    1.7903645833e+00
   -3.6815538909e-02    1.7936197917e+00
   -3.6815538909e-02    1.7968750000e+00
   -3.6815538909e-02    1.8001302083e+00
   -3.6815538909e-02    1.8033854167e+00
   -3.6815538909e-02    1.8066406250e+00
   -3.8179077387e-02    1.8098958333e+00
   -3.8179077387e-02    1.8131510417e+00
   -3.8179077387e-02    1.8164062500e+00
   -3.8179077387e-02    1.8196614583e+00
   -3.8179077387e-02    1.8229166667e+00
   -3.8179077387e-02    1.8261718750e+00
   -3.8179077387e-02    1.8294270833e+00
   -3.8179077387e-02    1.8326822917e+00
   -3.8179077387e-02    1.8359375000e+00
   -3.8179077387e-02    1.8391927083e+00
   -3.8179077387e-02    1.8424479167e+00
   -3.8179077387e-02    1.8457031250e+00
   -3.8179077387e-02    1.8489583333e+00
   -3.8179077387e-02    1.8522135417e+00
   -3.8179077387e-02    1.8554687500e+00
   -3.8179077387e-02    1.8587239583e+00
   -3.8179077387e-02    1.8619791667e+00
   -3.8179077387e-02    1.8652343750e+00
   -3.8179077387e-02    1.8684895833e+00
   -3.9542615865e-02    1.8717447917e+00
   -3.9542615865e-02    1.8750000000e+00
   -4.2269692822e-02    1.8782552083e+00
   -4.2269692822e-02    1.8815104167e+00
   -4.3633231300e-02    1.8847656250e+00
   -4.4996769778e-02    1.8880208333e+00
   -4.4996769778e-02    1.8912760417e+00
   -4.6360308256e-02    1.8945312500e+00
   -4.6360308256e-02    1.8977864583e+00
   -4.6360308256e-02    1.9010416667e+00
   -4.6360308256e-02    1.9042968750e+00
   -4.6360308256e-02    1.9075520833e+00
   -4.6360308256e-02    1.9108072917e+00
   -4.6360308256e-02    1.9140625000e+00
   -4.6360308256e-02    1.9173177083e+00
   -4.6360308256e-02    1.9205729167e+00
   -4.6360308256e-02    1.9238281250e+00
   -4.6360308256e-02    1.9270833333e+00
   -4.7723846734e-02    1.9303385417e+00
   -4.7723846734e-02    1.9335937500e+00
   -4.7723846734e-02    1.9368489583e+00
   -4.7723846734e-02    1.9401041667e+00
   -4.7723846734e-02    1.9433593750e+00
   -4.7723846734e-02    1.9466145833e+00
   -4.6360308256e-02    1.9498697917e+00
   -4.6360308256e-02    1.9531250000e+00
   -4.6360308256e-02    1.9563802083e+00
   -4.4996769778e-02    1.9596354167e+00
   -4.4996769778e-02    1.9628906250e+00
   -4.4996769778e-02    1.9661458333e+00
   -4.4996769778e-02    1.9694010417e+00
   -4.4996769778e-02    1.9726562500e+00
   -4.6360308256e-02    1.9759114583e+00
   -4.6360308256e-02    1.9791666667e+00
   -4.6360308256e-02    1.9824218750e+00
   -4.7723846734e-02    1.9856770833e+00
   -4.7723846734e-02    1.9889322917e+00
   -4.7723846734e-02    1.9921875000e+00
   -4.7723846734e-02    1.9954427083e+00
   -4.9087385212e-02    1.9986979167e+00
   -4.9087385212e-02    2.0019531250e+00
   -4.9087385212e-02    2.0052083333e+00
   -4.9087385212e-02    2.0084635417e+00
   -4.9087385212e-02    2.0117187500e+00
   -4.9087385212e-02    2.0149739583e+00
   -4.7723846734e-02    2.0182291667e+00
   -4.7723846734e-02    2.0214843750e+00
   -4.7723846734e-02    2.0247395833e+00
   -4.7723846734e-02    2.0279947917e+00
   -4.7723846734e-02    2.0312500000e+00
   -4.7723846734e-02    2.0345052083e+00
   -4.7723846734e-02    2.0377604167e+00
   -4.7723846734e-02    2.0410156250e+00
   -4.7723846734e-02    2.0442708333e+00
   -4.7723846734e-02    2.0475260417e+00
   -4.7723846734e-02    2.0507812500e+00
   -4.7723846734e-02    2.0540364583e+00
   -4.7723846734e-02    2.0572916667e+00
   -4.7723846734e-02    2.0605468750e+00
   -4.7723846734e-02    2.0638020833e+00
   -4.6360308256e-02    2.0670572917e+00
   -4.6360308256e-02    2.0703125000e+00
   -4.6360308256e-02    2.0735677083e+00
   -4.6360308256e-02    2.0768229167e+00
   -4.4996769778e-02    2.0800781250e+00
   -4.4996769778e-02    2.0833333333e+00
   -4.3633231300e-02    2.0865885417e+00
   -4.2269692822e-02    2.0898437500e+00
   -4.0906154344e-02    2.0930989583e+00
   -3.9542615865e-02    2.0963541667e+00
   -3.8179077387e-02    2.0996093750e+00
   -3.8179077387e-02    2.1028645833e+00
   -3.8179077387e-02    2.1061197917e+00
   -3.8179077387e-02    2.1093750000e+00
   -3.8179077387e-02    2.1126302083e+00
   -3.8179077387e-02    2.1158854167e+00
   -3.8179077387e-02    2.1191406250e+00
   -3.8179077387e-02    2.1223958333e+00
   -3.8179077387e-02    2.1256510417e+00
   -3.8179077387e-02    2.1289062500e+00
   -3.8179077387e-02    2.1321614583e+00
   -3.8179077387e-02    2.1354166667e+00
   -3.9542615865e-02    2.1386718750e+00
   -3.9542615865e-02    2.1419270833e+00
   -3.9542615865e-02    2.1451822917e+00
   -3.9542615865e-02    2.1484375000e+00
   -4.0906154344e-02    2.1516927083e+00
   -4.0906154344e-02    2.1549479167e+00
   -4.2269692822e-02    2.1582031250e+00
   -4.2269692822e-02    2.1614583333e+00
   -4.4996769778e-02    2.1647135417e+00
   -4.6360308256e-02    2.1679687500e+00
   -4.9087385212e-02    2.1712239583e+00
   -4.9087385212e-02    2.1744791667e+00
   -5.0450923690e-02    2.1777343750e+00
   -5.0450923690e-02    2.1809895833e+00
   -5.1814462169e-02    2.1842447917e+00
   -5.1814462169e-02    2.1875000000e+00
   -5.1814462169e-02    2.1907552083e+00
   -5.1814462169e-02    2.1940104167e+00
   -5.1814462169e-02    2.1972656250e+00
   -5.1814462169e-02    2.2005208333e+00
   -5.1814462169e-02    2.2037760417e+00
   -5.0450923690e-02    2.2070312500e+00
   -5.0450923690e-02    2.2102864583e+00
   -5.0450923690e-02    2.2135416667e+00
   -5.0450923690e-02    2.2167968750e+00
   -5.0450923690e-02    2.2200520833e+00
   -5.0450923690e-02    2.2233072917e+00
   -5.0450923690e-02    2.2265625000e+00
   -5.0450923690e-02    2.2298177083e+00
   -5.0450923690e-02    2.2330729167e+00
   -5.0450923690e-02    2.2363281250e+00
   -5.0450923690e-02    2.2395833333e+00
   -5.1814462169e-02    2.2428385417e+00
   -5.1814462169e-02    2.2460937500e+00
   -5.1814462169e-02    2.2493489583e+00
   -5.1814462169e-02    2.2526041667e+00
   -5.1814462169e-02    2.2558593750e+00
   -5.0450923690e-02    2.2591145833e+00
   -5.0450923690e-02    2.2623697917e+00
   -4.9087385212e-02    2.2656250000e+00
   -4.7723846734e-02    2.2688802083e+00
   -4.7723846734e-02    2.2721354167e+00
   -4.6360308256e-02    2.2753906250e+00
   -4.6360308256e-02    2.2786458333e+00
   -4.6360308256e-02    2.2819010417e+00
   -4.6360308256e-02    2.2851562500e+00
   -4.6360308256e-02    2.2884114583e+00
   -4.6360308256e-02    2.2916666667e+00
   -4.6360308256e-02    2.2949218750e+00
   -4.4996769778e-02    2.2981770833e+00
   -4.4996769778e-02    2.3014322917e+00
   -4.4996769778e-02    2.3046875000e+00
   -4.4996769778e-02    2.3079427083e+00
   -4.4996769778e-02    2.3111979167e+00
   -4.4996769778e-02    2.3144531250e+00
   -4.4996769778e-02    2.3177083333e+00
   -4.3633231300e-02    2.3209635417e+00
   -4.3633231300e-02    2.3242187500e+00
   -4.3633231300e-02    2.3274739583e+00
   -4.2269692822e-02    2.3307291667e+00
   -4.2269692822e-02    2.3339843750e+00
   -4.2269692822e-02    2.3372395833e+00
   -4.2269692822e-02    2.3404947917e+00
   -4.0906154344e-02    2.3437500000e+00
   -4.0906154344e-02    2.3470052083e+00
   -4.0906154344e-02    2.3502604167e+00
   -4.0906154344e-02    2.3535156250e+00
   -3.9542615865e-02    2.3567708333e+00
   -3.9542615865e-02    2.3600260417e+00
   -3.9542615865e-02    2.3632812500e+00
   -3.9542615865e-02    2.3665364583e+00
   -3.8179077387e-02    2.3697916667e+00
   -3.8179077387e-02    2.3730468750e+00
   -3.8179077387e-02    2.3763020833e+00
   -3.8179077387e-02    2.3795572917e+00
   -3.9542615865e-02    2.3828125000e+00
   -3.9542615865e-02    2.3860677083e+00
   -4.0906154344e-02    2.3893229167e+00
   -4.3633231300e-02    2.3925781250e+00
   -4.6360308256e-02    2.3958333333e+00
   -5.3178000647e-02    2.3990885417e+00
   -5.9995693037e-02    2.4023437500e+00
   -6.5449846950e-02    2.4055989583e+00
   -6.2722769994e-02    2.4088541667e+00
   -6.1359231515e-02    2.4121093750e+00
   -6.1359231515e-02    2.4153645833e+00
   -6.1359231515e-02    2.4186197917e+00
   -6.1359231515e-02    2.4218750000e+00
   -6.1359231515e-02    2.4251302083e+00
   -5.9995693037e-02    2.4283854167e+00
   -5.9995693037e-02    2.4316406250e+00
   -5.9995693037e-02    2.4348958333e+00
   -5.9995693037e-02    2.4381510417e+00
   -5.9995693037e-02    2.4414062500e+00
   -6.1359231515e-02    2.4446614583e+00
   -6.1359231515e-02    2.4479166667e+00
   -6.1359231515e-02    2.4511718750e+00
   -6.2722769994e-02    2.4544270833e+00
   -6.2722769994e-02    2.4576822917e+00
   -6.4086308472e-02    2.4609375000e+00
   -6.5449846950e-02    2.4641927083e+00
   -6.6813385428e-02    2.4674479167e+00
   -6.8176923906e-02    2.4707031250e+00
   -6.8176923906e-02    2.4739583333e+00
   -6.9540462384e-02    2.4772135417e+00
   -6.9540462384e-02    2.4804687500e+00
   -7.0904000862e-02    2.4837239583e+00
   -7.0904000862e-02    2.4869791667e+00
   -7.0904000862e-02    2.4902343750e+00
   -7.0904000862e-02    2.4934895833e+00
   -7.0904000862e-02    2.4967447917e+00
   -7.0904000862e-02    2.5000000000e+00
   -7.2267539340e-02    2.5032552083e+00
   -7.2267539340e-02    2.5065104167e+00
   -7.2267539340e-02    2.5097656250e+00
   -7.2267539340e-02    2.5130208333e+00
   -7.3631077819e-02    2.5162760417e+00
   -7.3631077819e-02    2.5195312500e+00
   -7.3631077819e-02    2.5227864583e+00
   -7.4994616297e-02    2.5260416667e+00
   -7.4994616297e-02    2.5292968750e+00
   -7.4994616297e-02    2.5325520833e+00
   -7.4994616297e-02    2.5358072917e+00
   -7.6358154775e-02    2.5390625000e+00
   -7.6358154775e-02    2.5423177083e+00
   -7.6358154775e-02    2.5455729167e+00
   -7.6358154775e-02    2.5488281250e+00
   -7.6358154775e-02    2.5520833333e+00
   -7.6358154775e-02    2.5553385417e+00
   -7.6358154775e-02    2.5585937500e+00
   -7.6358154775e-02    2.5618489583e+00
   -7.6358154775e-02    2.5651041667e+00
   -7.6358154775e-02    2.5683593750e+00
   -7.4994616297e-02    2.5716145833e+00
   -6.8176923906e-02    2.5748697917e+00
   -6.1359231515e-02    2.5781250000e+00
   -5.4541539125e-02    2.5813802083e+00
   -5.3178000647e-02    2.5846354167e+00
   -5.3178000647e-02    2.5878906250e+00
   -5.3178000647e-02    2.5911458333e+00
   -5.1814462169e-02    2.5944010417e+00
   -5.1814462169e-02    2.5976562500e+00
   -5.1814462169e-02    2.6009114583e+00
   -5.1814462169e-02    2.6041666667e+00
   -5.0450923690e-02    2.6074218750e+00
   -5.0450923690e-02    2.6106770833e+00
   -5.0450923690e-02    2.6139322917e+00
   -5.0450923690e-02    2.6171875000e+00
   -5.0450923690e-02    2.6204427083e+00
   -5.0450923690e-02    2.6236979167e+00
   -5.0450923690e-02    2.6269531250e+00
   -5.0450923690e-02    2.6302083333e+00
   -5.0450923690e-02    2.6334635417e+00
   -5.0450923690e-02    2.6367187500e+00
   -5.0450923690e-02    2.6399739583e+00
   -5.0450923690e-02    2.6432291667e+00
   -5.0450923690e-02    2.6464843750e+00
   -5.1814462169e-02    2.6497395833e+00
   -5.1814462169e-02    2.6529947917e+00
   -5.1814462169e-02    2.6562500000e+00
   -5.1814462169e-02    2.6595052083e+00
   -5.1814462169e-02    2.6627604167e+00
   -5.1814462169e-02    2.6660156250e+00
   -5.3178000647e-02    2.6692708333e+00
   -5.1814462169e-02    2.6725260417e+00
   -5.1814462169e-02    2.6757812500e+00
   -4.4996769778e-02    2.6790364583e+00
   -4.4996769778e-02    2.6822916667e+00
   -4.4996769778e-02    2.6855468750e+00
   -4.4996769778e-02    2.6888020833e+00
   -4.4996769778e-02    2.6920572917e+00
   -4.4996769778e-02    2.6953125000e+00
   -4.4996769778e-02    2.6985677083e+00
   -4.4996769778e-02    2.7018229167e+00
   -4.4996769778e-02    2.7050781250e+00
   -4.4996769778e-02    2.7083333333e+00
   -4.6360308256e-02    2.7115885417e+00
   -4.6360308256e-02    2.7148437500e+00
   -4.6360308256e-02    2.7180989583e+00
   -4.6360308256e-02    2.7213541667e+00
   -4.7723846734e-02    2.7246093750e+00
   -4.7723846734e-02    2.7278645833e+00
   -4.7723846734e-02    2.7311197917e+00
   -4.7723846734e-02    2.7343750000e+00
   -4.7723846734e-02    2.7376302083e+00
   -4.7723846734e-02    2.7408854167e+00
   -4.6360308256e-02    2.7441406250e+00
   -4.6360308256e-02    2.7473958333e+00
   -4.4996769778e-02    2.7506510417e+00
   -4.3633231300e-02    2.7539062500e+00
   -4.3633231300e-02    2.7571614583e+00
   -4.2269692822e-02    2.7604166667e+00
   -4.0906154344e-02    2.7636718750e+00
   -4.0906154344e-02    2.7669270833e+00
   -4.0906154344e-02    2.7701822917e+00
   -4.0906154344e-02    2.7734375000e+00
   -4.0906154344e-02    2.7766927083e+00
   -4.0906154344e-02    2.7799479167e+00
   -4.0906154344e-02    2.7832031250e+00
   -4.0906154344e-02    2.7864583333e+00
   -4.0906154344e-02    2.7897135417e+00
   -4.0906154344e-02    2.7929687500e+00
   -4.0906154344e-02    2.7962239583e+00
   -4.0906154344e-02    2.7994791667e+00
   -4.0906154344e-02    2.8027343750e+00
   -4.2269692822e-02    2.8059895833e+00
   -4.2269692822e-02    2.8092447917e+00
   -4.2269692822e-02    2.8125000000e+00
   -4.2269692822e-02    2.8157552083e+00
   -4.2269692822e-02    2.8190104167e+00
   -4.2269692822e-02    2.8222656250e+00
   -4.3633231300e-02    2.8255208333e+00
   -4.3633231300e-02    2.8287760417e+00
   -4.3633231300e-02    2.8320312500e+00
   -4.3633231300e-02    2.8352864583e+00
   -4.3633231300e-02    2.8385416667e+00
   -4.3633231300e-02    2.8417968750e+00
   -4.3633231300e-02    2.8450520833e+00
   -4.3633231300e-02    2.8483072917e+00
   -4.3633231300e-02    2.8515625000e+00
   -4.3633231300e-02    2.8548177083e+00
   -4.3633231300e-02    2.8580729167e+00
   -4.3633231300e-02    2.8613281250e+00
   -4.2269692822e-02    2.8645833333e+00
   -4.2269692822e-02    2.8678385417e+00
   -4.2269692822e-02    2.8710937500e+00
   -4.9087385212e-02    2.8743489583e+00
   -5.5905077603e-02    2.8776041667e+00
   -6.1359231515e-02    2.8808593750e+00
   -6.1359231515e-02    2.8841145833e+00
   -6.1359231515e-02    2.8873697917e+00
   -6.1359231515e-02    2.8906250000e+00
   -6.1359231515e-02    2.8938802083e+00
   -6.1359231515e-02    2.8971354167e+00
   -5.9995693037e-02    2.9003906250e+00
   -5.9995693037e-02    2.9036458333e+00
   -5.9995693037e-02    2.9069010417e+00
   -5.9995693037e-02    2.9101562500e+00
   -5.8632154559e-02    2.9134114583e+00
   -5.8632154559e-02    2.9166666667e+00
   -5.8632154559e-02    2.9199218750e+00
   -5.8632154559e-02    2.9231770833e+00
   -5.8632154559e-02    2.9264322917e+00
   -5.8632154559e-02    2.9296875000e+00
   -5.7268616081e-02    2.9329427083e+00
   -5.7268616081e-02    2.9361979167e+00
   -5.7268616081e-02    2.9394531250e+00
   -5.7268616081e-02    2.9427083333e+00
   -5.5905077603e-02    2.9459635417e+00
   -5.4541539125e-02    2.9492187500e+00
   -5.3178000647e-02    2.9524739583e+00
   -5.1814462169e-02    2.9557291667e+00
   -5.1814462169e-02    2.9589843750e+00
   -5.0450923690e-02    2.9622395833e+00
   -5.0450923690e-02    2.9654947917e+00
   -5.0450923690e-02    2.9687500000e+00
   -5.0450923690e-02    2.9720052083e+00
   -5.0450923690e-02    2.9752604167e+00
   -5.0450923690e-02    2.9785156250e+00
   -5.0450923690e-02    2.9817708333e+00
   -5.0450923690e-02    2.9850260417e+00
   -5.1814462169e-02    2.9882812500e+00
   -5.1814462169e-02    2.9915364583e+00
   -5.1814462169e-02    2.9947916667e+00
   -5.1814462169e-02    2.9980468750e+00
   -5.1814462169e-02    3.0013020833e+00
   -5.0450923690e-02    3.0045572917e+00
   -4.9087385212e-02    3.0078125000e+00
   -4.9087385212e-02    3.0110677083e+00
   -4.7723846734e-02    3.0143229167e+00
   -4.7723846734e-02    3.0175781250e+00
   -4.6360308256e-02    3.0208333333e+00
   -4.7723846734e-02    3.0240885417e+00
   -4.7723846734e-02    3.0273437500e+00
   -4.9087385212e-02    3.0305989583e+00
   -5.0450923690e-02    3.0338541667e+00
   -5.1814462169e-02    3.0371093750e+00
   -5.8632154559e-02    3.0403645833e+00
   -6.1359231515e-02    3.0436197917e+00
   -6.1359231515e-02    3.0468750000e+00
   -6.2722769994e-02    3.0501302083e+00
   -6.2722769994e-02    3.0533854167e+00
   -6.2722769994e-02    3.0566406250e+00
   -6.2722769994e-02    3.0598958333e+00
   -6.2722769994e-02    3.0631510417e+00
   -6.4086308472e-02    3.0664062500e+00
   -6.4086308472e-02    3.0696614583e+00
   -6.4086308472e-02    3.0729166667e+00
   -6.4086308472e-02    3.0761718750e+00
   -6.4086308472e-02    3.0794270833e+00
   -6.4086308472e-02    3.0826822917e+00
   -6.4086308472e-02    3.0859375000e+00
   -6.4086308472e-02    3.0891927083e+00
   -6.4086308472e-02    3.0924479167e+00
   -6.4086308472e-02    3.0957031250e+00
   -6.4086308472e-02    3.0989583333e+00
   -6.5449846950e-02    3.1022135417e+00
   -6.6813385428e-02    3.1054687500e+00
   -6.8176923906e-02    3.1087239583e+00
   -6.9540462384e-02    3.1119791667e+00
   -7.0904000862e-02    3.1152343750e+00
   -7.7721693253e-02    3.1184895833e+00
   -8.4539385643e-02    3.1217447917e+00
   -8.9993539556e-02    3.1250000000e+00
   -9.1357078034e-02    3.1282552083e+00
   -9.1357078034e-02    3.1315104167e+00
   -9.1357078034e-02    3.1347656250e+00
   -9.1357078034e-02    3.1380208333e+00
   -9.2720616512e-02    3.1412760417e+00
   -9.2720616512e-02    3.1445312500e+00
   -9.1357078034e-02    3.1477864583e+00
   -9.1357078034e-02    3.1510416667e+00
   -8.7266462600e-02    3.1542968750e+00
   -8.5902924122e-02    3.1575520833e+00
   -8.3175847165e-02    3.1608072917e+00
   -8.1812308687e-02    3.1640625000e+00
   -7.9085231731e-02    3.1673177083e+00
   -7.9085231731e-02    3.1705729167e+00
   -7.7721693253e-02    3.1738281250e+00
   -7.7721693253e-02    3.1770833333e+00
   -7.7721693253e-02    3.1803385417e+00
   -7.7721693253e-02    3.1835937500e+00
   -7.7721693253e-02    3.1868489583e+00
   -7.7721693253e-02    3.1901041667e+00
   -7.7721693253e-02    3.1933593750e+00
   -7.7721693253e-02    3.1966145833e+00
   -7.7721693253e-02    3.1998697917e+00
   -7.7721693253e-02    3.2031250000e+00
   -7.7721693253e-02    3.2063802083e+00
   -7.7721693253e-02    3.2096354167e+00
   -7.7721693253e-02    3.2128906250e+00
   -7.7721693253e-02    3.2161458333e+00
   -7.7721693253e-02    3.2194010417e+00
   -7.7721693253e-02    3.2226562500e+00
   -7.7721693253e-02    3.2259114583e+00
   -7.7721693253e-02    3.2291666667e+00
   -7.7721693253e-02    3.2324218750e+00
   -7.7721693253e-02    3.2356770833e+00
   -7.6358154775e-02    3.2389322917e+00
   -7.6358154775e-02    3.2421875000e+00
   -7.6358154775e-02    3.2454427083e+00
   -7.6358154775e-02    3.2486979167e+00
   -7.4994616297e-02    3.2519531250e+00
   -7.4994616297e-02    3.2552083333e+00
   -7.3631077819e-02    3.2584635417e+00
   -7.3631077819e-02    3.2617187500e+00
   -7.3631077819e-02    3.2649739583e+00
   -7.2267539340e-02    3.2682291667e+00
   -7.2267539340e-02    3.2714843750e+00
   -7.2267539340e-02    3.2747395833e+00
   -7.2267539340e-02    3.2779947917e+00
   -7.2267539340e-02    3.2812500000e+00
   -7.2267539340e-02    3.2845052083e+00
   -7.2267539340e-02    3.2877604167e+00
   -7.2267539340e-02    3.2910156250e+00
   -7.2267539340e-02    3.2942708333e+00
   -7.3631077819e-02    3.2975260417e+00
   -7.4994616297e-02    3.3007812500e+00
   -7.7721693253e-02    3.3040364583e+00
   -7.9085231731e-02    3.3072916667e+00
   -8.1812308687e-02    3.3105468750e+00
   -8.1812308687e-02    3.3138020833e+00
   -8.3175847165e-02    3.3170572917e+00
   -8.3175847165e-02    3.3203125000e+00
   -8.3175847165e-02    3.3235677083e+00
   -8.3175847165e-02    3.3268229167e+00
   -8.3175847165e-02    3.3300781250e+00
   -8.3175847165e-02    3.3333333333e+00
   -8.3175847165e-02    3.3365885417e+00
   -8.3175847165e-02    3.3398437500e+00
   -8.3175847165e-02    3.3430989583e+00
   -8.4539385643e-02    3.3463541667e+00
   -8.4539385643e-02    3.3496093750e+00
   -8.4539385643e-02    3.3528645833e+00
   -8.4539385643e-02    3.3561197917e+00
   -8.5902924122e-02    3.3593750000e+00
   -8.5902924122e-02    3.3626302083e+00
   -8.5902924122e-02    3.3658854167e+00
   -8.7266462600e-02    3.3691406250e+00
   -8.7266462600e-02    3.3723958333e+00
   -8.7266462600e-02    3.3756510417e+00
   -8.7266462600e-02    3.3789062500e+00
   -8.7266462600e-02    3.3821614583e+00
   -8.7266462600e-02    3.3854166667e+00
   -8.7266462600e-02    3.3886718750e+00
   -8.5902924122e-02    3.3919270833e+00
   -8.4539385643e-02    3.3951822917e+00
   -8.3175847165e-02    3.3984375000e+00
   -8.3175847165e-02    3.4016927083e+00
   -8.1812308687e-02    3.4049479167e+00
   -8.1812308687e-02    3.4082031250e+00
   -8.0448770209e-02    3.4114583333e+00
   -8.0448770209e-02    3.4147135417e+00
   -8.0448770209e-02    3.4179687500e+00
   -8.0448770209e-02    3.4212239583e+00
   -8.0448770209e-02    3.4244791667e+00
   -8.0448770209e-02    3.4277343750e+00
   -8.0448770209e-02    3.4309895833e+00
   -8.0448770209e-02    3.4342447917e+00
   -8.0448770209e-02    3.4375000000e+00
   -8.0448770209e-02    3.4407552083e+00
   -8.0448770209e-02    3.4440104167e+00
   -8.1812308687e-02    3.4472656250e+00
   -8.1812308687e-02    3.4505208333e+00
   -8.1812308687e-02    3.4537760417e+00
   -8.3175847165e-02    3.4570312500e+00
   -8.4539385643e-02    3.4602864583e+00
   -8.5902924122e-02    3.4635416667e+00
   -8.5902924122e-02    3.4667968750e+00
   -8.7266462600e-02    3.4700520833e+00
   -8.8630001078e-02    3.4733072917e+00
   -8.8630001078e-02    3.4765625000e+00
   -8.8630001078e-02    3.4798177083e+00
   -8.9993539556e-02    3.4830729167e+00
   -8.9993539556e-02    3.4863281250e+00
   -8.9993539556e-02    3.4895833333e+00
   -8.9993539556e-02    3.4928385417e+00
   -9.1357078034e-02    3.4960937500e+00
   -9.1357078034e-02    3.4993489583e+00
   -9.1357078034e-02    3.5026041667e+00
   -9.2720616512e-02    3.5058593750e+00
   -9.2720616512e-02    3.5091145833e+00
   -9.4084154990e-02    3.5123697917e+00
   -9.4084154990e-02    3.5156250000e+00
   -9.4084154990e-02    3.5188802083e+00
   -9.5447693468e-02    3.5221354167e+00
   -9.5447693468e-02    3.5253906250e+00
   -9.5447693468e-02    3.5286458333e+00
   -9.5447693468e-02    3.5319010417e+00
   -9.5447693468e-02    3.5351562500e+00
   -9.5447693468e-02    3.5384114583e+00
   -9.5447693468e-02    3.5416666667e+00
   -9.5447693468e-02    3.5449218750e+00
   -9.5447693468e-02    3.5481770833e+00
   -9.6811231947e-02    3.5514322917e+00
   -9.6811231947e-02    3.5546875000e+00
   -9.6811231947e-02    3.5579427083e+00
   -9.6811231947e-02    3.5611979167e+00
   -9.6811231947e-02    3.5644531250e+00
   -9.6811231947e-02    3.5677083333e+00
   -9.6811231947e-02    3.5709635417e+00
   -9.6811231947e-02    3.5742187500e+00
   -9.6811231947e-02    3.5774739583e+00
   -9.6811231947e-02    3.5807291667e+00
   -9.6811231947e-02    3.5839843750e+00
   -9.8174770425e-02    3.5872395833e+00
   -9.8174770425e-02    3.5904947917e+00
   -9.8174770425e-02    3.5937500000e+00
   -9.8174770425e-02    3.5970052083e+00
   -9.8174770425e-02    3.6002604167e+00
   -9.9538308903e-02    3.6035156250e+00
   -9.9538308903e-02    3.6067708333e+00
   -9.9538308903e-02    3.6100260417e+00
   -9.9538308903e-02    3.6132812500e+00
   -9.9538308903e-02    3.6165364583e+00
   -9.9538308903e-02    3.6197916667e+00
   -9.9538308903e-02    3.6230468750e+00
   -9.9538308903e-02    3.6263020833e+00
   -9.9538308903e-02    3.6295572917e+00
   -9.9538308903e-02    3.6328125000e+00
   -9.9538308903e-02    3.6360677083e+00
   -9.9538308903e-02    3.6393229167e+00
   -1.0090184738e-01    3.6425781250e+00
   -1.0226538586e-01    3.6458333333e+00
   -1.0226538586e-01    3.6490885417e+00
   -1.0362892434e-01    3.6523437500e+00
   -1.0499246282e-01    3.6555989583e+00
   -1.0635600129e-01    3.6588541667e+00
   -1.0635600129e-01    3.6621093750e+00
   -1.0771953977e-01    3.6653645833e+00
   -1.0771953977e-01    3.6686197917e+00
   -1.0771953977e-01    3.6718750000e+00
   -1.0771953977e-01    3.6751302083e+00
   -1.0771953977e-01    3.6783854167e+00
   -1.0771953977e-01    3.6816406250e+00
   -1.0771953977e-01    3.6848958333e+00
   -1.0908307825e-01    3.6881510417e+00
   -1.0908307825e-01    3.6914062500e+00
   -1.0908307825e-01    3.6946614583e+00
   -1.0908307825e-01    3.6979166667e+00
   -1.0771953977e-01    3.7011718750e+00
   -1.0771953977e-01    3.7044270833e+00
   -1.0771953977e-01    3.7076822917e+00
   -1.0635600129e-01    3.7109375000e+00
   -1.0499246282e-01    3.7141927083e+00
   -1.0499246282e-01    3.7174479167e+00
   -1.0499246282e-01    3.7207031250e+00
   -1.0362892434e-01    3.7239583333e+00
   -1.0362892434e-01    3.7272135417e+00
   -1.0362892434e-01    3.7304687500e+00
   -1.0362892434e-01    3.7337239583e+00
   -1.0362892434e-01    3.7369791667e+00
   -1.0362892434e-01    3.7402343750e+00
   -1.0362892434e-01    3.7434895833e+00
   -1.0362892434e-01    3.7467447917e+00
   -1.0362892434e-01    3.7500000000e+00
   -1.0362892434e-01    3.7532552083e+00
   -1.0362892434e-01    3.7565104167e+00
   -1.0362892434e-01    3.7597656250e+00
   -1.0362892434e-01    3.7630208333e+00
   -1.0362892434e-01    3.7662760417e+00
   -1.0362892434e-01    3.7695312500e+00
   -1.0362892434e-01    3.7727864583e+00
   -1.0362892434e-01    3.7760416667e+00
   -1.0362892434e-01    3.7792968750e+00
   -1.0362892434e-01    3.7825520833e+00
   -1.0362892434e-01    3.7858072917e+00
   -1.0362892434e-01    3.7890625000e+00
   -1.0362892434e-01    3.7923177083e+00
   -1.0362892434e-01    3.7955729167e+00
   -1.0362892434e-01    3.7988281250e+00
   -1.0362892434e-01    3.8020833333e+00
   -1.0362892434e-01    3.8053385417e+00
   -1.0226538586e-01    3.8085937500e+00
   -1.0226538586e-01    3.8118489583e+00
   -1.0090184738e-01    3.8151041667e+00
   -1.0090184738e-01    3.8183593750e+00
   -9.8174770425e-02    3.8216145833e+00
   -9.6811231947e-02    3.8248697917e+00
   -9.5447693468e-02    3.8281250000e+00
   -9.5447693468e-02    3.8313802083e+00
   -9.5447693468e-02    3.8346354167e+00
   -9.5447693468e-02    3.8378906250e+00
   -9.5447693468e-02    3.8411458333e+00
   -9.5447693468e-02    3.8444010417e+00
   -9.5447693468e-02    3.8476562500e+00
   -9.5447693468e-02    3.8509114583e+00
   -9.5447693468e-02    3.8541666667e+00
   -9.5447693468e-02    3.8574218750e+00
   -9.5447693468e-02    3.8606770833e+00
   -9.5447693468e-02    3.8639322917e+00
   -9.5447693468e-02    3.8671875000e+00
   -9.6811231947e-02    3.8704427083e+00
   -9.6811231947e-02    3.8736979167e+00
   -9.6811231947e-02    3.8769531250e+00
   -9.6811231947e-02    3.8802083333e+00
   -9.6811231947e-02    3.8834635417e+00
   -9.8174770425e-02    3.8867187500e+00
   -1.0499246282e-01    3.8899739583e+00
   -1.1181015521e-01    3.8932291667e+00
   -1.1453723216e-01    3.8964843750e+00
   -1.1453723216e-01    3.8997395833e+00
   -1.1453723216e-01    3.9029947917e+00
   -1.1453723216e-01    3.9062500000e+00
   -1.1317369368e-01    3.9095052083e+00
   -1.0635600129e-01    3.9127604167e+00
   -1.0362892434e-01    3.9160156250e+00
   -1.0226538586e-01    3.9192708333e+00
   -1.0226538586e-01    3.9225260417e+00
   -1.0090184738e-01    3.9257812500e+00
   -1.0090184738e-01    3.9290364583e+00
   -1.0090184738e-01    3.9322916667e+00
   -9.9538308903e-02    3.9355468750e+00
   -9.9538308903e-02    3.9388020833e+00
   -9.8174770425e-02    3.9420572917e+00
   -9.8174770425e-02    3.9453125000e+00
   -9.6811231947e-02    3.9485677083e+00
   -9.6811231947e-02    3.9518229167e+00
   -9.5447693468e-02    3.9550781250e+00
   -9.5447693468e-02    3.9583333333e+00
   -9.4084154990e-02    3.9615885417e+00
   -9.1357078034e-02    3.9648437500e+00
   -8.7266462600e-02    3.9680989583e+00
   -8.7266462600e-02    3.9713541667e+00
   -8.7266462600e-02    3.9746093750e+00
   -8.7266462600e-02    3.9778645833e+00
   -8.5902924122e-02    3.9811197917e+00
   -8.5902924122e-02    3.9843750000e+00
   -8.4539385643e-02    3.9876302083e+00
   -8.4539385643e-02    3.9908854167e+00
   -8.4539385643e-02    3.9941406250e+00
   -8.3175847165e-02    3.9973958333e+00
   -8.3175847165e-02    4.0006510417e+00
   -8.3175847165e-02    4.0039062500e+00
   -8.1812308687e-02    4.0071614583e+00
   -8.1812308687e-02    4.0104166667e+00
   -8.1812308687e-02    4.0136718750e+00
   -8.1812308687e-02    4.0169270833e+00
   -8.3175847165e-02    4.0201822917e+00
   -8.3175847165e-02    4.0234375000e+00
   -8.3175847165e-02    4.0266927083e+00
   -8.3175847165e-02    4.0299479167e+00
   -8.4539385643e-02    4.0332031250e+00
   -8.4539385643e-02    4.0364583333e+00
   -8.4539385643e-02    4.0397135417e+00
   -8.4539385643e-02    4.0429687500e+00
   -8.5902924122e-02    4.0462239583e+00
   -8.5902924122e-02    4.0494791667e+00
   -8.5902924122e-02    4.0527343750e+00
   -8.5902924122e-02    4.0559895833e+00
   -8.5902924122e-02    4.0592447917e+00
   -8.5902924122e-02    4.0625000000e+00
   -8.4539385643e-02    4.0657552083e+00
   -8.4539385643e-02    4.0690104167e+00
   -8.4539385643e-02    4.0722656250e+00
   -8.3175847165e-02    4.0755208333e+00
   -8.3175847165e-02    4.0787760417e+00
   -8.1812308687e-02    4.0820312500e+00
   -8.0448770209e-02    4.0852864583e+00
   -8.0448770209e-02    4.0885416667e+00
   -7.9085231731e-02    4.0917968750e+00
   -7.7721693253e-02    4.0950520833e+00
   -7.7721693253e-02    4.0983072917e+00
   -7.7721693253e-02    4.1015625000e+00
   -7.6358154775e-02    4.1048177083e+00
   -7.6358154775e-02    4.1080729167e+00
   -7.6358154775e-02    4.1113281250e+00
   -7.6358154775e-02    4.1145833333e+00
   -7.6358154775e-02    4.1178385417e+00
   -7.6358154775e-02    4.1210937500e+00
   -7.6358154775e-02    4.1243489583e+00
   -7.4994616297e-02    4.1276041667e+00
   -7.3631077819e-02    4.1308593750e+00
   -7.0904000862e-02    4.1341145833e+00
   -6.8176923906e-02    4.1373697917e+00
   -6.8176923906e-02    4.1406250000e+00
   -6.6813385428e-02    4.1438802083e+00
   -6.5449846950e-02    4.1471354167e+00
   -6.5449846950e-02    4.1503906250e+00
   -6.4086308472e-02    4.1536458333e+00
   -6.4086308472e-02    4.1569010417e+00
   -6.4086308472e-02    4.1601562500e+00
   -6.4086308472e-02    4.1634114583e+00
   -6.2722769994e-02    4.1666666667e+00
   -6.2722769994e-02    4.1699218750e+00
   -6.2722769994e-02    4.1731770833e+00
   -6.2722769994e-02    4.1764322917e+00
   -6.2722769994e-02    4.1796875000e+00
   -6.2722769994e-02    4.1829427083e+00
   -6.2722769994e-02    4.1861979167e+00
   -6.2722769994e-02    4.1894531250e+00
   -6.2722769994e-02    4.1927083333e+00
   -6.2722769994e-02    4.1959635417e+00
   -6.2722769994e-02    4.1992187500e+00
   -6.2722769994e-02    4.2024739583e+00
   -6.2722769994e-02    4.2057291667e+00
   -6.2722769994e-02    4.2089843750e+00
   -6.2722769994e-02    4.2122395833e+00
   -6.2722769994e-02    4.2154947917e+00
   -6.2722769994e-02    4.2187500000e+00
   -6.4086308472e-02    4.2220052083e+00
   -6.4086308472e-02    4.2252604167e+00
   -6.4086308472e-02    4.2285156250e+00
   -6.4086308472e-02    4.2317708333e+00
   -6.4086308472e-02    4.2350260417e+00
   -6.4086308472e-02    4.2382812500e+00
   -6.5449846950e-02    4.2415364583e+00
   -6.5449846950e-02    4.2447916667e+00
   -6.5449846950e-02    4.2480468750e+00
   -6.5449846950e-02    4.2513020833e+00
   -6.6813385428e-02    4.2545572917e+00
   -6.6813385428e-02    4.2578125000e+00
   -6.6813385428e-02    4.2610677083e+00
   -6.8176923906e-02    4.2643229167e+00
   -6.9540462384e-02    4.2675781250e+00
   -7.0904000862e-02    4.2708333333e+00
   -7.0904000862e-02    4.2740885417e+00
   -7.2267539340e-02    4.2773437500e+00
   -7.2267539340e-02    4.2805989583e+00
   -7.2267539340e-02    4.2838541667e+00
   -7.3631077819e-02    4.2871093750e+00
   -7.3631077819e-02    4.2903645833e+00
   -7.4994616297e-02    4.2936197917e+00
   -7.4994616297e-02    4.2968750000e+00
   -7.6358154775e-02    4.3001302083e+00
   -7.7721693253e-02    4.3033854167e+00
   -7.7721693253e-02    4.3066406250e+00
   -7.9085231731e-02    4.3098958333e+00
   -7.9085231731e-02    4.3131510417e+00
   -8.0448770209e-02    4.3164062500e+00
   -8.0448770209e-02    4.3196614583e+00
   -8.1812308687e-02    4.3229166667e+00
   -8.1812308687e-02    4.3261718750e+00
   -8.1812308687e-02    4.3294270833e+00
   -8.3175847165e-02    4.3326822917e+00
   -8.3175847165e-02    4.3359375000e+00
   -8.3175847165e-02    4.3391927083e+00
   -8.4539385643e-02    4.3424479167e+00
   -8.4539385643e-02    4.3457031250e+00
   -8.5902924122e-02    4.3489583333e+00
   -8.5902924122e-02    4.3522135417e+00
   -8.7266462600e-02    4.3554687500e+00
   -8.7266462600e-02    4.3587239583e+00
   -8.8630001078e-02    4.3619791667e+00
   -8.8630001078e-02    4.3652343750e+00
   -8.9993539556e-02    4.3684895833e+00
   -8.9993539556e-02    4.3717447917e+00
   -9.1357078034e-02    4.3750000000e+00
   -9.2720616512e-02    4.3782552083e+00
   -9.4084154990e-02    4.3815104167e+00
   -9.5447693468e-02    4.3847656250e+00
   -9.5447693468e-02    4.3880208333e+00
   -9.6811231947e-02    4.3912760417e+00
   -9.6811231947e-02    4.3945312500e+00
   -9.6811231947e-02    4.3977864583e+00
   -9.8174770425e-02    4.4010416667e+00
   -9.8174770425e-02    4.4042968750e+00
   -9.8174770425e-02    4.4075520833e+00
   -9.8174770425e-02    4.4108072917e+00
   -9.8174770425e-02    4.4140625000e+00
   -9.8174770425e-02    4.4173177083e+00
   -9.8174770425e-02    4.4205729167e+00
   -9.8174770425e-02    4.4238281250e+00
   -9.8174770425e-02    4.4270833333e+00
   -9.8174770425e-02    4.4303385417e+00
   -9.8174770425e-02    4.4335937500e+00
   -9.9538308903e-02    4.4368489583e+00
   -9.9538308903e-02    4.4401041667e+00
   -9.9538308903e-02    4.4433593750e+00
   -9.9538308903e-02    4.4466145833e+00
   -9.9538308903e-02    4.4498697917e+00
   -9.9538308903e-02    4.4531250000e+00
   -9.9538308903e-02    4.4563802083e+00
   -9.9538308903e-02    4.4596354167e+00
   -1.0090184738e-01    4.4628906250e+00
   -1.0090184738e-01    4.4661458333e+00
   -1.0090184738e-01    4.4694010417e+00
   -1.0090184738e-01    4.4726562500e+00
   -1.0090184738e-01    4.4759114583e+00
   -1.0090184738e-01    4.4791666667e+00
   -1.0090184738e-01    4.4824218750e+00
   -1.0090184738e-01    4.4856770833e+00
   -1.0090184738e-01    4.4889322917e+00
   -1.0090184738e-01    4.4921875000e+00
   -9.9538308903e-02    4.4954427083e+00
   -9.8174770425e-02    4.4986979167e+00
   -9.6811231947e-02    4.5019531250e+00
   -9.5447693468e-02    4.5052083333e+00
   -9.4084154990e-02    4.5084635417e+00
   -9.4084154990e-02    4.5117187500e+00
   -9.2720616512e-02    4.5149739583e+00
   -9.2720616512e-02    4.5182291667e+00
   -9.2720616512e-02    4.5214843750e+00
   -9.1357078034e-02    4.5247395833e+00
   -9.1357078034e-02    4.5279947917e+00
   -9.1357078034e-02    4.5312500000e+00
   -9.1357078034e-02    4.5345052083e+00
   -8.9993539556e-02    4.5377604167e+00
   -8.9993539556e-02    4.5410156250e+00
   -8.9993539556e-02    4.5442708333e+00
   -8.9993539556e-02    4.5475260417e+00
   -8.8630001078e-02    4.5507812500e+00
   -8.8630001078e-02    4.5540364583e+00
   -8.8630001078e-02    4.5572916667e+00
   -8.7266462600e-02    4.5605468750e+00
   -8.7266462600e-02    4.5638020833e+00
   -8.5902924122e-02    4.5670572917e+00
   -8.5902924122e-02    4.5703125000e+00
   -8.5902924122e-02    4.5735677083e+00
   -8.5902924122e-02    4.5768229167e+00
   -8.4539385643e-02    4.5800781250e+00
   -8.4539385643e-02    4.5833333333e+00
   -8.4539385643e-02    4.5865885417e+00
   -8.4539385643e-02    4.5898437500e+00
   -8.4539385643e-02    4.5930989583e+00
   -8.4539385643e-02    4.5963541667e+00
   -8.4539385643e-02    4.5996093750e+00
   -8.4539385643e-02    4.6028645833e+00
   -8.5902924122e-02    4.6061197917e+00
   -8.5902924122e-02    4.6093750000e+00
   -8.5902924122e-02    4.6126302083e+00
   -8.5902924122e-02    4.6158854167e+00
   -8.7266462600e-02    4.6191406250e+00
   -8.7266462600e-02    4.6223958333e+00
   -8.7266462600e-02    4.6256510417e+00
   -8.8630001078e-02    4.6289062500e+00
   -8.8630001078e-02    4.6321614583e+00
   -8.8630001078e-02    4.6354166667e+00
   -8.8630001078e-02    4.6386718750e+00
   -8.8630001078e-02    4.6419270833e+00
   -8.9993539556e-02    4.6451822917e+00
   -8.9993539556e-02    4.6484375000e+00
   -8.9993539556e-02    4.6516927083e+00
   -8.9993539556e-02    4.6549479167e+00
   -8.9993539556e-02    4.6582031250e+00
   -8.9993539556e-02    4.6614583333e+00
   -8.9993539556e-02    4.6647135417e+00
   -8.9993539556e-02    4.6679687500e+00
   -8.9993539556e-02    4.6712239583e+00
   -8.9993539556e-02    4.6744791667e+00
   -8.9993539556e-02    4.6777343750e+00
   -8.9993539556e-02    4.6809895833e+00
   -8.9993539556e-02    4.6842447917e+00
   -8.8630001078e-02    4.6875000000e+00
   -8.8630001078e-02    4.6907552083e+00
   -8.8630001078e-02    4.6940104167e+00
   -8.8630001078e-02    4.6972656250e+00
   -8.8630001078e-02    4.7005208333e+00
   -8.7266462600e-02    4.7037760417e+00
   -8.7266462600e-02    4.7070312500e+00
   -8.7266462600e-02    4.7102864583e+00
   -8.5902924122e-02    4.7135416667e+00
   -8.5902924122e-02    4.7167968750e+00
   -8.5902924122e-02    4.7200520833e+00
   -8.7266462600e-02    4.7233072917e+00
   -8.7266462600e-02    4.7265625000e+00
   -8.9993539556e-02    4.7298177083e+00
   -9.2720616512e-02    4.7330729167e+00
   -9.2720616512e-02    4.7363281250e+00
   -9.4084154990e-02    4.7395833333e+00
   -9.4084154990e-02    4.7428385417e+00
   -9.5447693468e-02    4.7460937500e+00
   -9.5447693468e-02    4.7493489583e+00
   -9.5447693468e-02    4.7526041667e+00
   -9.6811231947e-02    4.7558593750e+00
   -1.0362892434e-01    4.7591145833e+00
   -1.0635600129e-01    4.7623697917e+00
   -1.0499246282e-01    4.7656250000e+00
   -1.0499246282e-01    4.7688802083e+00
   -1.0362892434e-01    4.7721354167e+00
   -1.0362892434e-01    4.7753906250e+00
   -1.0362892434e-01    4.7786458333e+00
   -1.0226538586e-01    4.7819010417e+00
   -1.0226538586e-01    4.7851562500e+00
   -1.0226538586e-01    4.7884114583e+00
   -1.0226538586e-01    4.7916666667e+00
   -1.0226538586e-01    4.7949218750e+00
   -1.0226538586e-01    4.7981770833e+00
   -1.0090184738e-01    4.8014322917e+00
   -1.0090184738e-01    4.8046875000e+00
   -1.0090184738e-01    4.8079427083e+00
   -1.0090184738e-01    4.8111979167e+00
   -9.4084154990e-02    4.8144531250e+00
   -8.7266462600e-02    4.8177083333e+00
   -8.0448770209e-02    4.8209635417e+00
   -7.9085231731e-02    4.8242187500e+00
   -7.9085231731e-02    4.8274739583e+00
   -7.9085231731e-02    4.8307291667e+00
   -8.0448770209e-02    4.8339843750e+00
   -8.0448770209e-02    4.8372395833e+00
   -8.0448770209e-02    4.8404947917e+00
   -8.1812308687e-02    4.8437500000e+00
   -8.1812308687e-02    4.8470052083e+00
   -8.3175847165e-02    4.8502604167e+00
   -8.3175847165e-02    4.8535156250e+00
   -8.4539385643e-02    4.8567708333e+00
   -8.4539385643e-02    4.8600260417e+00
   -8.4539385643e-02    4.8632812500e+00
   -8.5902924122e-02    4.8665364583e+00
   -8.5902924122e-02    4.8697916667e+00
   -8.5902924122e-02    4.8730468750e+00
   -8.7266462600e-02    4.8763020833e+00
   -8.7266462600e-02    4.8795572917e+00
   -8.7266462600e-02    4.8828125000e+00
   -8.8630001078e-02    4.8860677083e+00
   -8.8630001078e-02    4.8893229167e+00
   -8.9993539556e-02    4.8925781250e+00
   -8.9993539556e-02    4.8958333333e+00
   -9.4084154990e-02    4.8990885417e+00
   -9.5447693468e-02    4.9023437500e+00
   -9.6811231947e-02    4.9055989583e+00
   -9.8174770425e-02    4.9088541667e+00
   -9.8174770425e-02    4.9121093750e+00
   -9.8174770425e-02    4.9153645833e+00
   -9.8174770425e-02    4.9186197917e+00
   -9.8174770425e-02    4.9218750000e+00
   -9.8174770425e-02    4.9251302083e+00
   -9.8174770425e-02    4.9283854167e+00
   -9.8174770425e-02    4.9316406250e+00
   -9.8174770425e-02    4.9348958333e+00
   -9.8174770425e-02    4.9381510417e+00
   -9.8174770425e-02    4.9414062500e+00
   -9.8174770425e-02    4.9446614583e+00
   -9.8174770425e-02    4.9479166667e+00
   -9.8174770425e-02    4.9511718750e+00
   -9.9538308903e-02    4.9544270833e+00
   -9.9538308903e-02    4.9576822917e+00
   -9.9538308903e-02    4.9609375000e+00
   -1.0090184738e-01    4.9641927083e+00
   -1.0090184738e-01    4.9674479167e+00
   -1.0090184738e-01    4.9707031250e+00
   -1.0226538586e-01    4.9739583333e+00
   -1.0226538586e-01    4.9772135417e+00
   -1.0226538586e-01    4.9804687500e+00
   -1.0226538586e-01    4.9837239583e+00
   -1.0362892434e-01    4.9869791667e+00
   -1.0362892434e-01    4.9902343750e+00
   -1.0362892434e-01    4.9934895833e+00
   -1.0362892434e-01    4.9967447917e+00
   -1.0362892434e-01    5.0000000000e+00
   -1.0499246282e-01    5.0032552083e+00
   -1.0499246282e-01    5.0065104167e+00
   -1.0499246282e-01    5.0097656250e+00
   -1.0499246282e-01    5.0130208333e+00
   -1.0499246282e-01    5.0162760417e+00
   -1.0499246282e-01    5.0195312500e+00
   -1.0635600129e-01    5.0227864583e+00
   -1.0635600129e-01    5.0260416667e+00
   -1.0635600129e-01    5.0292968750e+00
   -1.0771953977e-01    5.0325520833e+00
   -1.0771953977e-01    5.0358072917e+00
   -1.0908307825e-01    5.0390625000e+00
   -1.0908307825e-01    5.0423177083e+00
   -1.0908307825e-01    5.0455729167e+00
   -1.0908307825e-01    5.0488281250e+00
   -1.0908307825e-01    5.0520833333e+00
   -1.0908307825e-01    5.0553385417e+00
   -1.0908307825e-01    5.0585937500e+00
   -1.0908307825e-01    5.0618489583e+00
   -1.0908307825e-01    5.0651041667e+00
   -1.0908307825e-01    5.0683593750e+00
   -1.0908307825e-01    5.0716145833e+00
   -1.0908307825e-01    5.0748697917e+00
   -1.0908307825e-01    5.0781250000e+00
   -1.0908307825e-01    5.0813802083e+00
   -1.0908307825e-01    5.0846354167e+00
   -1.0908307825e-01    5.0878906250e+00
   -1.0908307825e-01    5.0911458333e+00
   -1.0908307825e-01    5.0944010417e+00
   -1.0908307825e-01    5.0976562500e+00
   -1.0908307825e-01    5.1009114583e+00
   -1.0908307825e-01    5.1041666667e+00
   -1.0908307825e-01    5.1074218750e+00
   -1.0771953977e-01    5.1106770833e+00
   -1.0771953977e-01    5.1139322917e+00
   -1.0771953977e-01    5.1171875000e+00
   -1.0771953977e-01    5.1204427083e+00
   -1.0771953977e-01    5.1236979167e+00
   -1.0771953977e-01    5.1269531250e+00
   -1.0771953977e-01    5.1302083333e+00
   -1.0771953977e-01    5.1334635417e+00
   -1.0771953977e-01    5.1367187500e+00
   -1.0908307825e-01    5.1399739583e+00
   -1.0908307825e-01    5.1432291667e+00
   -1.0908307825e-01    5.1464843750e+00
   -1.0908307825e-01    5.1497395833e+00
   -1.0908307825e-01    5.1529947917e+00
   -1.1044661673e-01    5.1562500000e+00
   -1.1044661673e-01    5.1595052083e+00
   -1.1044661673e-01    5.1627604167e+00
   -1.1044661673e-01    5.1660156250e+00
   -1.1044661673e-01    5.1692708333e+00
   -1.1181015521e-01    5.1725260417e+00
   -1.1181015521e-01    5.1757812500e+00
   -1.1181015521e-01    5.1790364583e+00
   -1.1181015521e-01    5.1822916667e+00
   -1.1181015521e-01    5.1855468750e+00
   -1.1317369368e-01    5.1888020833e+00
   -1.1317369368e-01    5.1920572917e+00
   -1.1317369368e-01    5.1953125000e+00
   -1.1317369368e-01    5.1985677083e+00
   -1.1317369368e-01    5.2018229167e+00
   -1.1317369368e-01    5.2050781250e+00
   -1.1317369368e-01    5.2083333333e+00
   -1.1453723216e-01    5.2115885417e+00
   -1.1453723216e-01    5.2148437500e+00
   -1.1453723216e-01    5.2180989583e+00
   -1.1453723216e-01    5.2213541667e+00
   -1.1590077064e-01    5.2246093750e+00
   -1.1590077064e-01    5.2278645833e+00
   -1.1590077064e-01    5.2311197917e+00
   -1.1590077064e-01    5.2343750000e+00
   -1.1590077064e-01    5.2376302083e+00
   -1.1590077064e-01    5.2408854167e+00
   -1.1590077064e-01    5.2441406250e+00
   -1.1590077064e-01    5.2473958333e+00
   -1.1590077064e-01    5.2506510417e+00
   -1.1590077064e-01    5.2539062500e+00
   -1.1726430912e-01    5.2571614583e+00
   -1.1726430912e-01    5.2604166667e+00
   -1.1862784760e-01    5.2636718750e+00
   -1.1999138607e-01    5.2669270833e+00
   -1.2135492455e-01    5.2701822917e+00
   -1.2544553999e-01    5.2734375000e+00
   -1.2953615542e-01    5.2766927083e+00
   -1.3089969390e-01    5.2799479167e+00
   -1.3089969390e-01    5.2832031250e+00
   -1.3226323238e-01    5.2864583333e+00
   -1.3226323238e-01    5.2897135417e+00
   -1.3226323238e-01    5.2929687500e+00
   -1.3226323238e-01    5.2962239583e+00
   -1.3226323238e-01    5.2994791667e+00
   -1.3226323238e-01    5.3027343750e+00
   -1.3226323238e-01    5.3059895833e+00
   -1.3226323238e-01    5.3092447917e+00
   -1.3908092477e-01    5.3125000000e+00
   -1.4317154020e-01    5.3157552083e+00
   -1.4453507868e-01    5.3190104167e+00
   -1.4453507868e-01    5.3222656250e+00
   -1.4453507868e-01    5.3255208333e+00
   -1.4589861716e-01    5.3287760417e+00
   -1.4589861716e-01    5.3320312500e+00
   -1.4726215564e-01    5.3352864583e+00
   -1.4726215564e-01    5.3385416667e+00
   -1.5407984803e-01    5.3417968750e+00
   -1.6089754042e-01    5.3450520833e+00
   -1.6498815585e-01    5.3483072917e+00
   -1.6498815585e-01    5.3515625000e+00
   -1.6362461737e-01    5.3548177083e+00
   -1.6362461737e-01    5.3580729167e+00
   -1.6362461737e-01    5.3613281250e+00
   -1.6362461737e-01    5.3645833333e+00
   -1.6362461737e-01    5.3678385417e+00
   -1.6362461737e-01    5.3710937500e+00
   -1.6362461737e-01    5.3743489583e+00
   -1.6362461737e-01    5.3776041667e+00
   -1.6498815585e-01    5.3808593750e+00
   -1.6498815585e-01    5.3841145833e+00
   -1.6498815585e-01    5.3873697917e+00
   -1.6498815585e-01    5.3906250000e+00
   -1.6498815585e-01    5.3938802083e+00
   -1.6498815585e-01    5.3971354167e+00
   -1.6498815585e-01    5.4003906250e+00
   -1.6498815585e-01    5.4036458333e+00
   -1.6498815585e-01    5.4069010417e+00
   -1.6498815585e-01    5.4101562500e+00
   -1.6498815585e-01    5.4134114583e+00
   -1.6498815585e-01    5.4166666667e+00
   -1.6498815585e-01    5.4199218750e+00
   -1.6498815585e-01    5.4231770833e+00
   -1.6362461737e-01    5.4264322917e+00
   -1.6362461737e-01    5.4296875000e+00
   -1.6362461737e-01    5.4329427083e+00
   -1.6362461737e-01    5.4361979167e+00
   -1.6362461737e-01    5.4394531250e+00
   -1.6362461737e-01    5.4427083333e+00
   -1.6362461737e-01    5.4459635417e+00
   -1.6362461737e-01    5.4492187500e+00
   -1.6226107890e-01    5.4524739583e+00
   -1.6226107890e-01    5.4557291667e+00
   -1.6226107890e-01    5.4589843750e+00
   -1.6226107890e-01    5.4622395833e+00
   -1.6089754042e-01    5.4654947917e+00
   -1.6089754042e-01    5.4687500000e+00
   -1.5953400194e-01    5.4720052083e+00
   -1.5953400194e-01    5.4752604167e+00
   -1.5953400194e-01    5.4785156250e+00
   -1.5817046346e-01    5.4817708333e+00
   -1.5817046346e-01    5.4850260417e+00
   -1.5680692498e-01    5.4882812500e+00
   -1.5544338651e-01    5.4915364583e+00
   -1.4862569412e-01    5.4947916667e+00
   -1.4180800172e-01    5.4980468750e+00
   -1.4044446325e-01    5.5013020833e+00
   -1.4044446325e-01    5.5045572917e+00
   -1.4180800172e-01    5.5078125000e+00
   -1.4180800172e-01    5.5110677083e+00
   -1.4180800172e-01    5.5143229167e+00
   -1.4180800172e-01    5.5175781250e+00
   -1.4180800172e-01    5.5208333333e+00
   -1.4180800172e-01    5.5240885417e+00
   -1.4180800172e-01    5.5273437500e+00
   -1.4180800172e-01    5.5305989583e+00
   -1.4180800172e-01    5.5338541667e+00
   -1.4044446325e-01    5.5371093750e+00
   -1.4044446325e-01    5.5403645833e+00
   -1.3908092477e-01    5.5436197917e+00
   -1.3771738629e-01    5.5468750000e+00
   -1.3635384781e-01    5.5501302083e+00
   -1.2953615542e-01    5.5533854167e+00
   -1.2408200151e-01    5.5566406250e+00
   -1.2408200151e-01    5.5598958333e+00
   -1.2544553999e-01    5.5631510417e+00
   -1.2680907847e-01    5.5664062500e+00
   -1.3226323238e-01    5.5696614583e+00
   -1.3226323238e-01    5.5729166667e+00
   -1.3226323238e-01    5.5761718750e+00
   -1.3226323238e-01    5.5794270833e+00
   -1.3226323238e-01    5.5826822917e+00
   -1.3226323238e-01    5.5859375000e+00
   -1.3226323238e-01    5.5891927083e+00
   -1.3226323238e-01    5.5924479167e+00
   -1.3226323238e-01    5.5957031250e+00
   -1.3226323238e-01    5.5989583333e+00
   -1.3226323238e-01    5.6022135417e+00
   -1.3226323238e-01    5.6054687500e+00
   -1.3226323238e-01    5.6087239583e+00
   -1.3226323238e-01    5.6119791667e+00
   -1.3226323238e-01    5.6152343750e+00
   -1.3226323238e-01    5.6184895833e+00
   -1.3226323238e-01    5.6217447917e+00
   -1.3226323238e-01    5.6250000000e+00
   -1.3226323238e-01    5.6282552083e+00
   -1.3362677086e-01    5.6315104167e+00
   -1.3362677086e-01    5.6347656250e+00
   -1.3362677086e-01    5.6380208333e+00
   -1.3362677086e-01    5.6412760417e+00
   -1.3362677086e-01    5.6445312500e+00
   -1.3362677086e-01    5.6477864583e+00
   -1.3362677086e-01    5.6510416667e+00
   -1.3362677086e-01    5.6542968750e+00
   -1.3362677086e-01    5.6575520833e+00
   -1.3499030933e-01    5.6608072917e+00
   -1.3499030933e-01    5.6640625000e+00
   -1.3499030933e-01    5.6673177083e+00
   -1.3499030933e-01    5.6705729167e+00
   -1.3499030933e-01    5.6738281250e+00
   -1.3499030933e-01    5.6770833333e+00
   -1.3499030933e-01    5.6803385417e+00
   -1.3499030933e-01    5.6835937500e+00
   -1.3499030933e-01    5.6868489583e+00
   -1.3499030933e-01    5.6901041667e+00
   -1.3635384781e-01    5.6933593750e+00
   -1.3635384781e-01    5.6966145833e+00
   -1.3635384781e-01    5.6998697917e+00
   -1.3771738629e-01    5.7031250000e+00
   -1.3908092477e-01    5.7063802083e+00
   -1.4044446325e-01    5.7096354167e+00
   -1.4180800172e-01    5.7128906250e+00
   -1.4180800172e-01    5.7161458333e+00
   -1.4317154020e-01    5.7194010417e+00
   -1.4317154020e-01    5.7226562500e+00
   -1.4453507868e-01    5.7259114583e+00
   -1.4453507868e-01    5.7291666667e+00
   -1.4453507868e-01    5.7324218750e+00
   -1.4453507868e-01    5.7356770833e+00
   -1.4589861716e-01    5.7389322917e+00
   -1.4726215564e-01    5.7421875000e+00
   -1.4726215564e-01    5.7454427083e+00
   -1.4862569412e-01    5.7486979167e+00
   -1.4998923259e-01    5.7519531250e+00
   -1.4998923259e-01    5.7552083333e+00
   -1.4998923259e-01    5.7584635417e+00
   -1.4998923259e-01    5.7617187500e+00
   -1.4998923259e-01    5.7649739583e+00
   -1.4998923259e-01    5.7682291667e+00
   -1.4998923259e-01    5.7714843750e+00
   -1.4862569412e-01    5.7747395833e+00
   -1.4862569412e-01    5.7779947917e+00
   -1.4862569412e-01    5.7812500000e+00
   -1.4862569412e-01    5.7845052083e+00
   -1.4862569412e-01    5.7877604167e+00
   -1.4862569412e-01    5.7910156250e+00
   -1.4862569412e-01    5.7942708333e+00
   -1.4726215564e-01    5.7975260417e+00
   -1.4726215564e-01    5.8007812500e+00
   -1.4726215564e-01    5.8040364583e+00
   -1.4726215564e-01    5.8072916667e+00
   -1.4726215564e-01    5.8105468750e+00
   -1.4726215564e-01    5.8138020833e+00
   -1.4726215564e-01    5.8170572917e+00
   -1.4726215564e-01    5.8203125000e+00
   -1.4726215564e-01    5.8235677083e+00
   -1.4589861716e-01    5.8268229167e+00
   -1.4589861716e-01    5.8300781250e+00
   -1.4589861716e-01    5.8333333333e+00
   -1.4589861716e-01    5.8365885417e+00
   -1.4589861716e-01    5.8398437500e+00
   -1.4453507868e-01    5.8430989583e+00
   -1.4453507868e-01    5.8463541667e+00
   -1.4453507868e-01    5.8496093750e+00
   -1.4453507868e-01    5.8528645833e+00
   -1.4317154020e-01    5.8561197917e+00
   -1.4317154020e-01    5.8593750000e+00
   -1.4317154020e-01    5.8626302083e+00
   -1.4317154020e-01    5.8658854167e+00
   -1.4317154020e-01    5.8691406250e+00
   -1.4317154020e-01    5.8723958333e+00
   -1.4317154020e-01    5.8756510417e+00
   -1.4317154020e-01    5.8789062500e+00
   -1.4317154020e-01    5.8821614583e+00
   -1.4317154020e-01    5.8854166667e+00
   -1.4317154020e-01    5.8886718750e+00
   -1.4317154020e-01    5.8919270833e+00
   -1.4317154020e-01    5.8951822917e+00
   -1.4180800172e-01    5.8984375000e+00
   -1.4180800172e-01    5.9016927083e+00
   -1.4180800172e-01    5.9049479167e+00
   -1.4180800172e-01    5.9082031250e+00
   -1.4180800172e-01    5.9114583333e+00
   -1.4180800172e-01    5.9147135417e+00
   -1.4180800172e-01    5.9179687500e+00
   -1.4180800172e-01    5.9212239583e+00
   -1.4180800172e-01    5.9244791667e+00
   -1.4180800172e-01    5.9277343750e+00
   -1.4044446325e-01    5.9309895833e+00
   -1.3362677086e-01    5.9342447917e+00
   -1.3089969390e-01    5.9375000000e+00
   -1.3089969390e-01    5.9407552083e+00
   -1.3089969390e-01    5.9440104167e+00
   -1.3089969390e-01    5.9472656250e+00
   -1.3089969390e-01    5.9505208333e+00
   -1.3089969390e-01    5.9537760417e+00
   -1.3089969390e-01    5.9570312500e+00
   -1.3089969390e-01    5.9602864583e+00
   -1.3089969390e-01    5.9635416667e+00
   -1.3226323238e-01    5.9667968750e+00
   -1.3226323238e-01    5.9700520833e+00
   -1.3226323238e-01    5.9733072917e+00
   -1.3362677086e-01    5.9765625000e+00
   -1.3362677086e-01    5.9798177083e+00
   -1.3362677086e-01    5.9830729167e+00
   -1.3499030933e-01    5.9863281250e+00
   -1.3499030933e-01    5.9895833333e+00
   -1.3499030933e-01    5.9928385417e+00
   -1.3499030933e-01    5.9960937500e+00
   -1.3635384781e-01    5.9993489583e+00
   -1.3635384781e-01    6.0026041667e+00
   -1.3635384781e-01    6.0058593750e+00
   -1.3499030933e-01    6.0091145833e+00
   -1.3499030933e-01    6.0123697917e+00
   -1.3499030933e-01    6.0156250000e+00
   -1.3499030933e-01    6.0188802083e+00
   -1.3362677086e-01    6.0221354167e+00
   -1.3362677086e-01    6.0253906250e+00
   -1.3362677086e-01    6.0286458333e+00
   -1.3362677086e-01    6.0319010417e+00
   -1.3362677086e-01    6.0351562500e+00
   -1.3362677086e-01    6.0384114583e+00
   -1.3362677086e-01    6.0416666667e+00
   -1.3362677086e-01    6.0449218750e+00
   -1.3226323238e-01    6.0481770833e+00
   -1.3226323238e-01    6.0514322917e+00
   -1.3226323238e-01    6.0546875000e+00
   -1.3226323238e-01    6.0579427083e+00
   -1.3089969390e-01    6.0611979167e+00
   -1.3089969390e-01    6.0644531250e+00
   -1.3089969390e-01    6.0677083333e+00
   -1.3089969390e-01    6.0709635417e+00
   -1.3089969390e-01    6.0742187500e+00
   -1.2953615542e-01    6.0774739583e+00
   -1.2953615542e-01    6.0807291667e+00
   -1.2953615542e-01    6.0839843750e+00
   -1.2953615542e-01    6.0872395833e+00
   -1.2953615542e-01    6.0904947917e+00
   -1.2953615542e-01    6.0937500000e+00
   -1.2953615542e-01    6.0970052083e+00
   -1.2953615542e-01    6.1002604167e+00
   -1.2953615542e-01    6.1035156250e+00
   -1.2953615542e-01    6.1067708333e+00
   -1.2953615542e-01    6.1100260417e+00
   -1.2953615542e-01    6.1132812500e+00
   -1.2953615542e-01    6.1165364583e+00
   -1.2953615542e-01    6.1197916667e+00
   -1.3089969390e-01    6.1230468750e+00
   -1.3089969390e-01    6.1263020833e+00
   -1.3089969390e-01    6.1295572917e+00
   -1.3089969390e-01    6.1328125000e+00
   -1.3226323238e-01    6.1360677083e+00
   -1.3226323238e-01    6.1393229167e+00
   -1.3226323238e-01    6.1425781250e+00
   -1.3226323238e-01    6.1458333333e+00
   -1.3226323238e-01    6.1490885417e+00
   -1.3226323238e-01    6.1523437500e+00
   -1.3226323238e-01    6.1555989583e+00
   -1.3226323238e-01    6.1588541667e+00
   -1.3226323238e-01    6.1621093750e+00
   -1.3226323238e-01    6.1653645833e+00
   -1.3089969390e-01    6.1686197917e+00
   -1.2817261694e-01    6.1718750000e+00
   -1.2408200151e-01    6.1751302083e+00
   -1.2271846303e-01    6.1783854167e+00
   -1.2135492455e-01    6.1816406250e+00
   -1.1999138607e-01    6.1848958333e+00
   -1.1862784760e-01    6.1881510417e+00
   -1.1726430912e-01    6.1914062500e+00
   -1.1726430912e-01    6.1946614583e+00
   -1.1726430912e-01    6.1979166667e+00
   -1.1726430912e-01    6.2011718750e+00
   -1.1726430912e-01    6.2044270833e+00
   -1.1726430912e-01    6.2076822917e+00
   -1.1726430912e-01    6.2109375000e+00
   -1.1726430912e-01    6.2141927083e+00
   -1.1726430912e-01    6.2174479167e+00
   -1.2408200151e-01    6.2207031250e+00
   -1.2680907847e-01    6.2239583333e+00
   -1.2680907847e-01    6.2272135417e+00
   -1.2817261694e-01    6.2304687500e+00
   -1.2817261694e-01    6.2337239583e+00
   -1.2817261694e-01    6.2369791667e+00
   -1.2817261694e-01    6.2402343750e+00
   -1.2953615542e-01    6.2434895833e+00
   -1.2953615542e-01    6.2467447917e+00
   -1.2953615542e-01    6.2500000000e+00
   -1.2953615542e-01    6.2532552083e+00
   -1.2953615542e-01    6.2565104167e+00
   -1.2953615542e-01    6.2597656250e+00
   -1.2953615542e-01    6.2630208333e+00
   -1.2953615542e-01    6.2662760417e+00
   -1.3089969390e-01    6.2695312500e+00
   -1.3089969390e-01    6.2727864583e+00
   -1.3089969390e-01    6.2760416667e+00
   -1.3089969390e-01    6.2792968750e+00
   -1.3089969390e-01    6.2825520833e+00
   -1.3089969390e-01    6.2858072917e+00
   -1.3089969390e-01    6.2890625000e+00
   -1.3089969390e-01    6.2923177083e+00
   -1.3089969390e-01    6.2955729167e+00
   -1.3226323238e-01    6.2988281250e+00
   -1.3226323238e-01    6.3020833333e+00
   -1.3226323238e-01    6.3053385417e+00
   -1.3226323238e-01    6.3085937500e+00
   -1.3226323238e-01    6.3118489583e+00
   -1.3226323238e-01    6.3151041667e+00
   -1.3226323238e-01    6.3183593750e+00
   -1.3226323238e-01    6.3216145833e+00
   -1.3089969390e-01    6.3248697917e+00
   -1.3089969390e-01    6.3281250000e+00
   -1.3089969390e-01    6.3313802083e+00
   -1.2953615542e-01    6.3346354167e+00
   -1.2817261694e-01    6.3378906250e+00
   -1.2817261694e-01    6.3411458333e+00
   -1.2544553999e-01    6.3444010417e+00
   -1.1999138607e-01    6.3476562500e+00
   -1.1862784760e-01    6.3509114583e+00
   -1.1726430912e-01    6.3541666667e+00
   -1.1726430912e-01    6.3574218750e+00
   -1.1726430912e-01    6.3606770833e+00
   -1.1590077064e-01    6.3639322917e+00
   -1.1590077064e-01    6.3671875000e+00
   -1.1590077064e-01    6.3704427083e+00
   -1.1590077064e-01    6.3736979167e+00
   -1.1726430912e-01    6.3769531250e+00
   -1.1726430912e-01    6.3802083333e+00
   -1.1726430912e-01    6.3834635417e+00
   -1.1726430912e-01    6.3867187500e+00
   -1.1726430912e-01    6.3899739583e+00
   -1.1726430912e-01    6.3932291667e+00
   -1.1726430912e-01    6.3964843750e+00
   -1.1862784760e-01    6.3997395833e+00
   -1.1862784760e-01    6.4029947917e+00
   -1.1862784760e-01    6.4062500000e+00
   -1.1999138607e-01    6.4095052083e+00
   -1.1999138607e-01    6.4127604167e+00
   -1.1999138607e-01    6.4160156250e+00
   -1.2135492455e-01    6.4192708333e+00
   -1.2135492455e-01    6.4225260417e+00
   -1.2135492455e-01    6.4257812500e+00
   -1.2135492455e-01    6.4290364583e+00
   -1.2271846303e-01    6.4322916667e+00
   -1.2271846303e-01    6.4355468750e+00
   -1.2271846303e-01    6.4388020833e+00
   -1.2271846303e-01    6.4420572917e+00
   -1.2408200151e-01    6.4453125000e+00
   -1.2408200151e-01    6.4485677083e+00
   -1.2544553999e-01    6.4518229167e+00
   -1.2544553999e-01    6.4550781250e+00
   -1.2544553999e-01    6.4583333333e+00
   -1.2544553999e-01    6.4615885417e+00
   -1.1862784760e-01    6.4648437500e+00
   -1.1726430912e-01    6.4680989583e+00
   -1.1590077064e-01    6.4713541667e+00
   -1.1453723216e-01    6.4746093750e+00
   -1.1453723216e-01    6.4778645833e+00
   -1.1453723216e-01    6.4811197917e+00
   -1.1317369368e-01    6.4843750000e+00
   -1.1317369368e-01    6.4876302083e+00
   -1.1317369368e-01    6.4908854167e+00
   -1.1317369368e-01    6.4941406250e+00
   -1.1317369368e-01    6.4973958333e+00
   -1.1181015521e-01    6.5006510417e+00
   -1.1181015521e-01    6.5039062500e+00
   -1.1181015521e-01    6.5071614583e+00
   -1.1181015521e-01    6.5104166667e+00
   -1.1181015521e-01    6.5136718750e+00
   -1.1044661673e-01    6.5169270833e+00
   -1.1044661673e-01    6.5201822917e+00
   -1.1044661673e-01    6.5234375000e+00
   -1.1044661673e-01    6.5266927083e+00
   -1.1044661673e-01    6.5299479167e+00
   -1.1044661673e-01    6.5332031250e+00
   -1.1044661673e-01    6.5364583333e+00
   -1.1044661673e-01    6.5397135417e+00
   -1.1044661673e-01    6.5429687500e+00
   -1.1044661673e-01    6.5462239583e+00
   -1.1044661673e-01    6.5494791667e+00
   -1.1044661673e-01    6.5527343750e+00
   -1.1044661673e-01    6.5559895833e+00
   -1.1044661673e-01    6.5592447917e+00
   -1.1044661673e-01    6.5625000000e+00
   -1.1044661673e-01    6.5657552083e+00
   -1.1044661673e-01    6.5690104167e+00
   -1.1044661673e-01    6.5722656250e+00
   -1.1181015521e-01    6.5755208333e+00
   -1.1181015521e-01    6.5787760417e+00
   -1.1181015521e-01    6.5820312500e+00
   -1.1181015521e-01    6.5852864583e+00
   -1.1181015521e-01    6.5885416667e+00
   -1.1181015521e-01    6.5917968750e+00
   -1.1181015521e-01    6.5950520833e+00
   -1.1181015521e-01    6.5983072917e+00
   -1.1181015521e-01    6.6015625000e+00
   -1.1181015521e-01    6.6048177083e+00
   -1.1317369368e-01    6.6080729167e+00
   -1.1317369368e-01    6.6113281250e+00
   -1.1453723216e-01    6.6145833333e+00
   -1.1453723216e-01    6.6178385417e+00
   -1.1590077064e-01    6.6210937500e+00
   -1.1590077064e-01    6.6243489583e+00
   -1.1726430912e-01    6.6276041667e+00
   -1.1862784760e-01    6.6308593750e+00
   -1.1862784760e-01    6.6341145833e+00
   -1.1999138607e-01    6.6373697917e+00
   -1.1999138607e-01    6.6406250000e+00
   -1.2135492455e-01    6.6438802083e+00
   -1.2817261694e-01    6.6471354167e+00
   -1.3499030933e-01    6.6503906250e+00
   -1.3362677086e-01    6.6536458333e+00
   -1.3362677086e-01    6.6569010417e+00
   -1.3362677086e-01    6.6601562500e+00
   -1.3362677086e-01    6.6634114583e+00
   -1.3226323238e-01    6.6666666667e+00
   -1.3226323238e-01    6.6699218750e+00
   -1.3226323238e-01    6.6731770833e+00
   -1.3226323238e-01    6.6764322917e+00
   -1.3226323238e-01    6.6796875000e+00
   -1.3089969390e-01    6.6829427083e+00
   -1.3089969390e-01    6.6861979167e+00
   -1.3089969390e-01    6.6894531250e+00
   -1.3089969390e-01    6.6927083333e+00
   -1.3089969390e-01    6.6959635417e+00
   -1.3089969390e-01    6.6992187500e+00
   -1.3089969390e-01    6.7024739583e+00
   -1.3089969390e-01    6.7057291667e+00
   -1.3089969390e-01    6.7089843750e+00
   -1.3089969390e-01    6.7122395833e+00
   -1.3089969390e-01    6.7154947917e+00
   -1.3089969390e-01    6.7187500000e+00
   -1.3089969390e-01    6.7220052083e+00
   -1.3089969390e-01    6.7252604167e+00
   -1.3089969390e-01    6.7285156250e+00
   -1.3089969390e-01    6.7317708333e+00
   -1.3089969390e-01    6.7350260417e+00
   -1.3089969390e-01    6.7382812500e+00
   -1.3089969390e-01    6.7415364583e+00
   -1.3089969390e-01    6.7447916667e+00
   -1.3089969390e-01    6.7480468750e+00
   -1.3089969390e-01    6.7513020833e+00
   -1.3089969390e-01    6.7545572917e+00
   -1.3089969390e-01    6.7578125000e+00
   -1.2953615542e-01    6.7610677083e+00
   -1.2953615542e-01    6.7643229167e+00
   -1.2953615542e-01    6.7675781250e+00
   -1.2817261694e-01    6.7708333333e+00
   -1.2817261694e-01    6.7740885417e+00
   -1.2544553999e-01    6.7773437500e+00
   -1.2408200151e-01    6.7805989583e+00
   -1.1726430912e-01    6.7838541667e+00
   -1.1044661673e-01    6.7871093750e+00
   -1.0362892434e-01    6.7903645833e+00
   -1.0090184738e-01    6.7936197917e+00
   -1.0090184738e-01    6.7968750000e+00
   -1.0090184738e-01    6.8001302083e+00
   -1.0090184738e-01    6.8033854167e+00
   -1.0090184738e-01    6.8066406250e+00
   -1.0226538586e-01    6.8098958333e+00
   -1.0226538586e-01    6.8131510417e+00
   -1.0226538586e-01    6.8164062500e+00
   -1.0226538586e-01    6.8196614583e+00
   -1.0226538586e-01    6.8229166667e+00
   -1.0226538586e-01    6.8261718750e+00
   -1.0226538586e-01    6.8294270833e+00
   -1.0226538586e-01    6.8326822917e+00
   -1.0226538586e-01    6.8359375000e+00
   -1.0362892434e-01    6.8391927083e+00
   -1.0362892434e-01    6.8424479167e+00
   -1.0362892434e-01    6.8457031250e+00
   -1.0362892434e-01    6.8489583333e+00
   -1.0362892434e-01    6.8522135417e+00
   -1.0362892434e-01    6.8554687500e+00
   -1.0362892434e-01    6.8587239583e+00
   -1.0362892434e-01    6.8619791667e+00
   -1.0362892434e-01    6.8652343750e+00
   -1.0362892434e-01    6.8684895833e+00
   -1.0362892434e-01    6.8717447917e+00
   -1.0226538586e-01    6.8750000000e+00
   -1.0226538586e-01    6.8782552083e+00
   -1.0226538586e-01    6.8815104167e+00
   -1.0090184738e-01    6.8847656250e+00
   -1.0090184738e-01    6.8880208333e+00
   -1.0090184738e-01    6.8912760417e+00
   -1.0090184738e-01    6.8945312500e+00
   -1.0090184738e-01    6.8977864583e+00
   -1.0090184738e-01    6.9010416667e+00
   -9.9538308903e-02    6.9042968750e+00
   -9.9538308903e-02    6.9075520833e+00
   -9.9538308903e-02    6.9108072917e+00
   -9.9538308903e-02    6.9140625000e+00
   -9.9538308903e-02    6.9173177083e+00
   -9.9538308903e-02    6.9205729167e+00
   -9.8174770425e-02    6.9238281250e+00
   -9.8174770425e-02    6.9270833333e+00
   -9.8174770425e-02    6.9303385417e+00
   -9.8174770425e-02    6.9335937500e+00
   -9.8174770425e-02    6.9368489583e+00
   -9.6811231947e-02    6.9401041667e+00
   -9.6811231947e-02    6.9433593750e+00
   -9.6811231947e-02    6.9466145833e+00
   -9.6811231947e-02    6.9498697917e+00
   -9.8174770425e-02    6.9531250000e+00
   -9.8174770425e-02    6.9563802083e+00
   -9.8174770425e-02    6.9596354167e+00
   -9.9538308903e-02    6.9628906250e+00
   -9.9538308903e-02    6.9661458333e+00
   -1.0090184738e-01    6.9694010417e+00
   -1.0090184738e-01    6.9726562500e+00
   -1.0226538586e-01    6.9759114583e+00
   -1.0226538586e-01    6.9791666667e+00
   -1.0226538586e-01    6.9824218750e+00
   -1.0362892434e-01    6.9856770833e+00
   -1.0362892434e-01    6.9889322917e+00
   -1.0499246282e-01    6.9921875000e+00
   -1.0499246282e-01    6.9954427083e+00
   -1.0635600129e-01    6.9986979167e+00
   -1.0635600129e-01    7.0019531250e+00
   -1.0635600129e-01    7.0052083333e+00
   -1.0635600129e-01    7.0084635417e+00
   -1.0635600129e-01    7.0117187500e+00
   -1.0635600129e-01    7.0149739583e+00
   -1.0635600129e-01    7.0182291667e+00
   -1.0635600129e-01    7.0214843750e+00
   -1.0499246282e-01    7.0247395833e+00
   -1.0499246282e-01    7.0279947917e+00
   -1.0499246282e-01    7.0312500000e+00
   -1.0362892434e-01    7.0345052083e+00
   -1.0362892434e-01    7.0377604167e+00
   -1.0362892434e-01    7.0410156250e+00
   -1.0226538586e-01    7.0442708333e+00
   -1.0226538586e-01    7.0475260417e+00
   -1.0226538586e-01    7.0507812500e+00
   -1.0226538586e-01    7.0540364583e+00
   -1.0090184738e-01    7.0572916667e+00
   -1.0090184738e-01    7.0605468750e+00
   -1.0090184738e-01    7.0638020833e+00
   -1.0090184738e-01    7.0670572917e+00
   -1.0090184738e-01    7.0703125000e+00
   -1.0090184738e-01    7.0735677083e+00
   -9.9538308903e-02    7.0768229167e+00
   -9.9538308903e-02    7.0800781250e+00
   -9.9538308903e-02    7.0833333333e+00
   -9.9538308903e-02    7.0865885417e+00
   -9.9538308903e-02    7.0898437500e+00
   -9.9538308903e-02    7.0930989583e+00
   -9.9538308903e-02    7.0963541667e+00
   -9.9538308903e-02    7.0996093750e+00
   -1.0090184738e-01    7.1028645833e+00
   -1.0362892434e-01    7.1061197917e+00
   -1.0635600129e-01    7.1093750000e+00
   -1.0771953977e-01    7.1126302083e+00
   -1.0771953977e-01    7.1158854167e+00
   -1.0908307825e-01    7.1191406250e+00
   -1.0908307825e-01    7.1223958333e+00
   -1.0908307825e-01    7.1256510417e+00
   -1.0908307825e-01    7.1289062500e+00
   -1.0908307825e-01    7.1321614583e+00
   -1.0908307825e-01    7.1354166667e+00
   -1.0908307825e-01    7.1386718750e+00
   -1.0908307825e-01    7.1419270833e+00
   -1.0908307825e-01    7.1451822917e+00
   -1.0908307825e-01    7.1484375000e+00
   -1.0908307825e-01    7.1516927083e+00
   -1.0908307825e-01    7.1549479167e+00
   -1.0908307825e-01    7.1582031250e+00
   -1.0908307825e-01    7.1614583333e+00
   -1.0908307825e-01    7.1647135417e+00
   -1.0908307825e-01    7.1679687500e+00
   -1.0908307825e-01    7.1712239583e+00
   -1.0908307825e-01    7.1744791667e+00
   -1.0908307825e-01    7.1777343750e+00
   -1.0908307825e-01    7.1809895833e+00
   -1.0226538586e-01    7.1842447917e+00
   -1.0090184738e-01    7.1875000000e+00
   -9.9538308903e-02    7.1907552083e+00
   -9.9538308903e-02    7.1940104167e+00
   -9.8174770425e-02    7.1972656250e+00
   -9.8174770425e-02    7.2005208333e+00
   -9.6811231947e-02    7.2037760417e+00
   -9.5447693468e-02    7.2070312500e+00
   -9.4084154990e-02    7.2102864583e+00
   -9.1357078034e-02    7.2135416667e+00
   -9.1357078034e-02    7.2167968750e+00
   -9.1357078034e-02    7.2200520833e+00
   -8.9993539556e-02    7.2233072917e+00
   -8.9993539556e-02    7.2265625000e+00
   -8.9993539556e-02    7.2298177083e+00
   -8.9993539556e-02    7.2330729167e+00
   -9.1357078034e-02    7.2363281250e+00
   -9.1357078034e-02    7.2395833333e+00
   -9.1357078034e-02    7.2428385417e+00
   -9.1357078034e-02    7.2460937500e+00
   -9.1357078034e-02    7.2493489583e+00
   -9.1357078034e-02    7.2526041667e+00
   -9.1357078034e-02    7.2558593750e+00
   -9.2720616512e-02    7.2591145833e+00
   -9.2720616512e-02    7.2623697917e+00
   -9.2720616512e-02    7.2656250000e+00
   -9.2720616512e-02    7.2688802083e+00
   -9.2720616512e-02    7.2721354167e+00
   -9.4084154990e-02    7.2753906250e+00
   -9.4084154990e-02    7.2786458333e+00
   -9.4084154990e-02    7.2819010417e+00
   -9.4084154990e-02    7.2851562500e+00
   -9.4084154990e-02    7.2884114583e+00
   -9.1357078034e-02    7.2916666667e+00
   -8.8630001078e-02    7.2949218750e+00
   -8.5902924122e-02    7.2981770833e+00
   -7.9085231731e-02    7.3014322917e+00
   -7.7721693253e-02    7.3046875000e+00
   -7.7721693253e-02    7.3079427083e+00
   -7.7721693253e-02    7.3111979167e+00
   -7.7721693253e-02    7.3144531250e+00
   -7.7721693253e-02    7.3177083333e+00
   -7.7721693253e-02    7.3209635417e+00
   -7.7721693253e-02    7.3242187500e+00
   -7.7721693253e-02    7.3274739583e+00
   -7.6358154775e-02    7.3307291667e+00
   -7.6358154775e-02    7.3339843750e+00
   -7.6358154775e-02    7.3372395833e+00
   -7.4994616297e-02    7.3404947917e+00
   -7.4994616297e-02    7.3437500000e+00
   -7.4994616297e-02    7.3470052083e+00
   -7.4994616297e-02    7.3502604167e+00
   -7.4994616297e-02    7.3535156250e+00
   -7.3631077819e-02    7.3567708333e+00
   -7.3631077819e-02    7.3600260417e+00
   -7.3631077819e-02    7.3632812500e+00
   -7.3631077819e-02    7.3665364583e+00
   -7.2267539340e-02    7.3697916667e+00
   -7.2267539340e-02    7.3730468750e+00
   -7.0904000862e-02    7.3763020833e+00
   -6.9540462384e-02    7.3795572917e+00
   -6.6813385428e-02    7.3828125000e+00
   -6.5449846950e-02    7.3860677083e+00
   -6.5449846950e-02    7.3893229167e+00
   -6.4086308472e-02    7.3925781250e+00
   -6.4086308472e-02    7.3958333333e+00
   -6.4086308472e-02    7.3990885417e+00
   -6.4086308472e-02    7.4023437500e+00
   -6.4086308472e-02    7.4055989583e+00
   -6.5449846950e-02    7.4088541667e+00
   -6.5449846950e-02    7.4121093750e+00
   -6.5449846950e-02    7.4153645833e+00
   -6.5449846950e-02    7.4186197917e+00
   -6.5449846950e-02    7.4218750000e+00
   -6.5449846950e-02    7.4251302083e+00
   -6.6813385428e-02    7.4283854167e+00
   -6.6813385428e-02    7.4316406250e+00
   -6.6813385428e-02    7.4348958333e+00
   -6.6813385428e-02    7.4381510417e+00
   -6.6813385428e-02    7.4414062500e+00
   -6.5449846950e-02    7.4446614583e+00
   -6.5449846950e-02    7.4479166667e+00
   -6.5449846950e-02    7.4511718750e+00
   -6.5449846950e-02    7.4544270833e+00
   -6.4086308472e-02    7.4576822917e+00
   -6.4086308472e-02    7.4609375000e+00
   -6.4086308472e-02    7.4641927083e+00
   -6.4086308472e-02    7.4674479167e+00
   -6.2722769994e-02    7.4707031250e+00
   -6.2722769994e-02    7.4739583333e+00
   -6.2722769994e-02    7.4772135417e+00
   -6.2722769994e-02    7.4804687500e+00
   -6.2722769994e-02    7.4837239583e+00
   -6.2722769994e-02    7.4869791667e+00
   -6.2722769994e-02    7.4902343750e+00
   -6.2722769994e-02    7.4934895833e+00
   -6.2722769994e-02    7.4967447917e+00
   -6.2722769994e-02    7.5000000000e+00
