    0.0000000000e+00    1.0000000000e+00    1.0000000000e+00    1.0000000000e+00    1.0000000000e+00    1.0000000000e+00
    5.8593750000e-02    9.7081761777e-01    9.5205815317e-01    9.8973834315e-01    9.8973834315e-01    9.5499133811e-01
    1.1718750000e-01    8.9173501732e-01    8.2891527716e-01    9.6099522868e-01    9.6099522868e-01    8.3481902034e-01
    1.7578125000e-01    7.8260303317e-01    6.7481314186e-01    9.1856400277e-01    9.1856400277e-01    6.7456636007e-01
    2.3437500000e-01    6.6401515154e-01    5.2726133492e-01    8.6762270581e-01    8.6762270581e-01    5.1064394286e-01
    2.9296875000e-01    5.5065403877e-01    4.0439889222e-01    8.1243990401e-01    8.1243990401e-01    3.6770836582e-01
    3.5156250000e-01    4.5037053384e-01    3.0932010015e-01    7.5614347256e-01    7.5614347256e-01    2.5615140777e-01
    4.1015625000e-01    3.6585772281e-01    2.3803191644e-01    7.0081675402e-01    7.0081675402e-01    1.7599658593e-01
    4.6875000000e-01    2.9664799440e-01    1.8480879975e-01    6.4769455088e-01    6.4769455088e-01    1.2202660084e-01
    5.2734375000e-01    2.4076484716e-01    1.4461694127e-01    5.9741771440e-01    5.9741771440e-01    8.7553234021e-02
    5.8593750000e-01    1.9581195079e-01    1.1369975729e-01    5.5025110602e-01    5.5025110602e-01    6.6448995466e-02
    6.4453125000e-01    1.5951968374e-01    8.9433328968e-02    5.0623029273e-01    5.0623029273e-01    5.3922819504e-02
    7.0312500000e-01    1.2996295739e-01    7.0041967080e-02    4.6526040628e-01    4.6526040628e-01    4.6592415703e-02
    7.6171875000e-01    1.0561755256e-01    5.4311113374e-02    4.2718134585e-01    4.2718134585e-01    4.2247073042e-02
    8.2031250000e-01    8.5326726430e-02    4.1366923545e-02    3.9180596187e-01    3.9180596187e-01    3.9527596858e-02
    8.7890625000e-01    6.8228561998e-02    3.0571624218e-02    3.5894159295e-01    3.5894159295e-01    3.7638163831e-02
    9.3750000000e-01    5.3680815463e-02    2.1470285849e-02    3.2840092063e-01    3.2840092063e-01    3.6132582230e-02
    9.9609375000e-01    4.1196704247e-02    1.3729238370e-02    3.0000511281e-01    3.0000511281e-01    3.4770180805e-02
    1.0546875000e+00    3.0395650077e-02    7.0874561087e-03    2.7358343125e-01    2.7358343125e-01    3.3423503751e-02
    1.1132812500e+00    2.0970870094e-02    1.3394539035e-03    2.4897267810e-01    2.4897267810e-01    3.2028363163e-02
    1.1718750000e+00    1.2670642399e-02   -3.6738205261e-03    2.2601771413e-01    2.2601771413e-01    3.0562870062e-02
    1.2304687500e+00    5.2890021217e-03   -8.0787207377e-03    2.0457334136e-01    2.0457334136e-01    2.9036092048e-02
    1.2890625000e+00   -1.3376403852e-03   -1.1980263893e-02    1.8450683471e-01    1.8450683471e-01    2.7474477258e-02
    1.3476562500e+00   -7.3324690045e-03   -1.5466964214e-02    1.6569987405e-01    1.6569987405e-01    2.5904863699e-02
    1.4062500000e+00   -1.2782803345e-02   -1.8611058890e-02    1.4804885296e-01    1.4804885296e-01    2.4339673701e-02
    1.4648437500e+00   -1.7747137194e-02   -2.1463913416e-02    1.3146340991e-01    1.3146340991e-01    2.2771526584e-02
    1.5234375000e+00   -2.2262887220e-02   -2.4053260205e-02    1.1586376393e-01    1.1586376393e-01    2.1176772362e-02
    1.5820312500e+00   -2.6354216461e-02   -2.6386552835e-02    1.0117812669e-01    1.0117812669e-01    1.9523926148e-02
    1.6406250000e+00   -3.0040968168e-02   -2.8462089514e-02    8.7340882246e-02    8.7340882246e-02    1.7784807075e-02
    1.6992187500e+00   -3.3348291300e-02   -3.0287296934e-02    7.4291530737e-02    7.4291530737e-02    1.5945765612e-02
    1.7578125000e+00   -3.6313490790e-02   -3.1895542887e-02    6.1974179133e-02    6.1974179133e-02    1.4012507049e-02
    1.8164062500e+00   -3.8985285520e-02   -3.3343779028e-02    5.0337639924e-02    5.0337639924e-02    1.2005405494e-02
    1.8750000000e+00   -4.1414498518e-02   -3.4689593350e-02    3.9335970807e-02    3.9335970807e-02    9.9498346433e-03
    1.9335937500e+00   -4.3641720427e-02   -3.5966732648e-02    2.8928812344e-02    2.8928812344e-02    7.8699215420e-03
    1.9921875000e+00   -4.5690988033e-02   -3.7178624656e-02    1.9080625527e-02    1.9080625527e-02    5.7885640578e-03
    2.0507812500e+00   -4.7572982665e-02   -3.8308256736e-02    9.7589200271e-03    9.7589200271e-03    3.7286999899e-03
    2.1093750000e+00   -4.9293312918e-02   -3.9333802326e-02    9.3243289366e-04    9.3243289366e-04    1.7085082462e-03
    2.1679687500e+00   -5.0859782937e-02   -4.0241757597e-02   -7.4296406850e-03   -7.4296406850e-03   -2.6891346950e-04
    2.2265625000e+00   -5.2286659393e-02   -4.1034101028e-02   -1.5357267233e-02   -1.5357267233e-02   -2.2239281531e-03
    2.2851562500e+00   -5.3595684459e-02   -4.1726487421e-02   -2.2878894625e-02   -2.2878894625e-02   -4.1996404151e-03
    2.3437500000e+00   -5.4813161596e-02   -4.2341350608e-02   -3.0021358708e-02   -3.0021358708e-02   -6.2515378454e-03
    2.4023437500e+00   -5.5962630061e-02   -4.2900347912e-02   -3.6810014901e-02   -3.6810014901e-02   -8.4310327221e-03
    2.4609375000e+00   -5.7055948895e-02   -4.3418042648e-02   -4.3268255168e-02   -4.3268255168e-02   -1.0766508830e-02
    2.5195312500e+00   -5.8089466722e-02   -4.3896813836e-02   -4.9416403672e-02   -4.9416403672e-02   -1.3245823793e-02
    2.5781250000e+00   -5.9050331152e-02   -4.4329346391e-02   -5.5271173161e-02   -5.5271173161e-02   -1.5809855174e-02
    2.6367187500e+00   -5.9928116520e-02   -4.4710501755e-02   -6.0846418623e-02   -6.0846418623e-02   -1.8364727174e-02
    2.6953125000e+00   -6.0721367553e-02   -4.5047482491e-02   -6.6154881216e-02   -6.6154881216e-02   -2.0808847207e-02
    2.7539062500e+00   -6.1435004200e-02   -4.5354687900e-02   -7.1210002432e-02   -7.1210002432e-02   -2.3061942485e-02
    2.8125000000e+00   -6.2074717423e-02   -4.5641560812e-02   -7.6027190645e-02   -7.6027190645e-02   -2.5085447434e-02
    2.8710937500e+00   -6.2645512796e-02   -4.5909797013e-02   -8.0624051467e-02   -8.0624051467e-02   -2.6888640385e-02
    2.9296875000e+00   -6.3154503369e-02   -4.6163551888e-02   -8.5019446840e-02   -8.5019446840e-02   -2.8520383265e-02
    2.9882812500e+00   -6.3611833140e-02   -4.6420938887e-02   -8.9231763315e-02   -8.9231763315e-02   -3.0049739795e-02
    3.0468750000e+00   -6.4026361196e-02   -4.6713436131e-02   -9.3277129651e-02   -9.3277129651e-02   -3.1541319569e-02
    3.1054687500e+00   -6.4399809313e-02   -4.7066616425e-02   -9.7167900534e-02   -9.7167900534e-02   -3.3032835966e-02
    3.1640625000e+00   -6.4725540452e-02   -4.7477738638e-02   -1.0091187519e-01   -1.0091187519e-01   -3.4524152694e-02
    3.2226562500e+00   -6.4993120138e-02   -4.7912722609e-02   -1.0451284461e-01   -1.0451284461e-01   -3.5983464081e-02
    3.2812500000e+00   -6.5195019587e-02   -4.8326623703e-02   -1.0797247811e-01   -1.0797247811e-01   -3.7367707825e-02
    3.3398437500e+00   -6.5331321466e-02   -4.8688852624e-02   -1.1129245206e-01   -1.1129245206e-01   -3.8644425337e-02
    3.3984375000e+00   -6.5411468558e-02   -4.8995436091e-02   -1.1447588864e-01   -1.1447588864e-01   -3.9802315061e-02
    3.4570312500e+00   -6.5453758073e-02   -4.9262725143e-02   -1.1752785754e-01   -1.1752785754e-01   -4.0847719494e-02
    3.5156250000e+00   -6.5482813765e-02   -4.9513013120e-02   -1.2045520874e-01   -1.2045520874e-01   -4.1795030636e-02
    3.5742187500e+00   -6.5524622511e-02   -4.9763934379e-02   -1.2326592560e-01   -1.2326592560e-01   -4.2658981852e-02
    3.6328125000e+00   -6.5600456793e-02   -5.0024747591e-02   -1.2596836799e-01   -1.2596836799e-01   -4.3452146621e-02
    3.6914062500e+00   -6.5722673227e-02   -5.0295133564e-02   -1.2857083051e-01   -1.2857083051e-01   -4.4187661305e-02
    3.7500000000e+00   -6.5894814155e-02   -5.0567306747e-02   -1.3108166762e-01   -1.3108166762e-01   -4.4885391311e-02
    3.8085937500e+00   -6.6114728267e-02   -5.0831250100e-02   -1.3350940434e-01   -1.3350940434e-01   -4.5575884393e-02
    3.8671875000e+00   -6.6377930295e-02   -5.1080820729e-02   -1.3586218320e-01   -1.3586218320e-01   -4.6297670266e-02
    3.9257812500e+00   -6.6680075121e-02   -5.1315565140e-02   -1.3814651950e-01   -1.3814651950e-01   -4.7088646585e-02
    3.9843750000e+00   -6.7018541308e-02   -5.1537335369e-02   -1.4036623680e-01   -1.4036623680e-01   -4.7977022122e-02
    4.0429687500e+00   -6.7391414328e-02   -5.1745980215e-02   -1.4252241542e-01   -1.4252241542e-01   -4.8976352216e-02
    4.1015625000e+00   -6.7793147296e-02   -5.1940111086e-02   -1.4461440840e-01   -1.4461440840e-01   -5.0084679796e-02
    4.1601562500e+00   -6.8209405265e-02   -5.2120046560e-02   -1.4664099565e-01   -1.4664099565e-01   -5.1283376363e-02
    4.2187500000e+00   -6.8614805718e-02   -5.2287911971e-02   -1.4860102910e-01   -1.4860102910e-01   -5.2534545232e-02
    4.2773437500e+00   -6.8975429317e-02   -5.2442784648e-02   -1.5049365278e-01   -1.5049365278e-01   -5.3781359901e-02
    4.3359375000e+00   -6.9256626032e-02   -5.2576218366e-02   -1.5231866958e-01   -1.5231866958e-01   -5.4957337133e-02
    4.3945312500e+00   -6.9433660978e-02   -5.2674037434e-02   -1.5407719357e-01   -1.5407719357e-01   -5.6004410926e-02
    4.4531250000e+00   -6.9499739728e-02   -5.2726902790e-02   -1.5577227441e-01   -1.5577227441e-01   -5.6892001489e-02
    4.5117187500e+00   -6.9466835767e-02   -5.2740184847e-02   -1.5740893856e-01   -1.5740893856e-01   -5.7625030641e-02
    4.5703125000e+00   -6.9360139084e-02   -5.2733570559e-02   -1.5899353790e-01   -1.5899353790e-01   -5.8235381200e-02
    4.6289062500e+00   -6.9210567241e-02   -5.2733126700e-02   -1.6053263600e-01   -1.6053263600e-01   -5.8764247476e-02
    4.6875000000e+00   -6.9049623585e-02   -5.2766162028e-02   -1.6203193147e-01   -1.6203193147e-01   -5.9249340472e-02
    4.7460937500e+00   -6.8907649285e-02   -5.2857682460e-02   -1.6349543853e-01   -1.6349543853e-01   -5.9721934717e-02
    4.8046875000e+00   -6.8813515575e-02   -5.3026132906e-02   -1.6492513984e-01   -1.6492513984e-01   -6.0208936132e-02
    4.8632812500e+00   -6.8792197568e-02   -5.3280946801e-02   -1.6632114077e-01   -1.6632114077e-01   -6.0733558253e-02
    4.9218750000e+00   -6.8859035998e-02   -5.3620352790e-02   -1.6768199960e-01   -1.6768199960e-01   -6.1312427830e-02
    4.9804687500e+00   -6.9014242718e-02   -5.4025689244e-02   -1.6900483433e-01   -1.6900483433e-01   -6.1950644855e-02
    5.0390625000e+00   -6.9242985668e-02   -5.4462060874e-02   -1.7028549748e-01   -1.7028549748e-01   -6.2640218505e-02
    5.0976562500e+00   -6.9521037932e-02   -5.4888897321e-02   -1.7151900009e-01   -1.7151900009e-01   -6.3365660802e-02
    5.1562500000e+00   -6.9821561891e-02   -5.5270179660e-02   -1.7270005594e-01   -1.7270005594e-01   -6.4114159680e-02
    5.2148437500e+00   -7.0120187011e-02   -5.5579088559e-02   -1.7382354735e-01   -1.7382354735e-01   -6.4881939316e-02
    5.2734375000e+00   -7.0398780423e-02   -5.5805385065e-02   -1.7488494555e-01   -1.7488494555e-01   -6.5671031697e-02
    5.3320312500e+00   -7.0647314697e-02   -5.5961757997e-02   -1.7588044282e-01   -1.7588044282e-01   -6.6478541784e-02
    5.3906250000e+00   -7.0862481961e-02   -5.6077829569e-02   -1.7680685292e-01   -1.7680685292e-01   -6.7287308558e-02
    5.4492187500e+00   -7.1044002037e-02   -5.6181996464e-02   -1.7766164278e-01   -1.7766164278e-01   -6.8064620230e-02
    5.5078125000e+00   -7.1191971558e-02   -5.6284638559e-02   -1.7844320396e-01   -1.7844320396e-01   -6.8769617298e-02
    5.5664062500e+00   -7.1306233823e-02   -5.6372843624e-02   -1.7915104830e-01   -1.7915104830e-01   -6.9365537934e-02
    5.6250000000e+00   -7.1386103234e-02   -5.6420385747e-02   -1.7978613481e-01   -1.7978613481e-01   -6.9833470216e-02
    5.6835937500e+00   -7.1429526148e-02   -5.6405729558e-02   -1.8035138923e-01   -1.8035138923e-01   -7.0183797433e-02
    5.7421875000e+00   -7.1433160552e-02   -5.6326123872e-02   -1.8085200660e-01   -1.8085200660e-01   -7.0460288088e-02
    5.8007812500e+00   -7.1394033014e-02   -5.6197763751e-02   -1.8129523801e-01   -1.8129523801e-01   -7.0732760578e-02
    5.8593750000e+00   -7.1311931379e-02   -5.6045689846e-02   -1.8168996549e-01   -1.8168996549e-01   -7.1080510706e-02
    5.9179687500e+00   -7.1191931156e-02   -5.5894690447e-02   -1.8204615719e-01   -1.8204615719e-01   -7.1572642076e-02
    5.9765625000e+00   -7.1047129920e-02   -5.5767428095e-02   -1.8237416544e-01   -1.8237416544e-01   -7.2251590810e-02
    6.0351562500e+00   -7.0899305126e-02   -5.5683140183e-02   -1.8268383986e-01   -1.8268383986e-01   -7.3123930527e-02
    6.0937500000e+00   -7.0774650817e-02   -5.5652867048e-02   -1.8298362701e-01   -1.8298362701e-01   -7.4161279463e-02
    6.1523437500e+00   -7.0695703649e-02   -5.5673808269e-02   -1.8327975341e-01   -1.8327975341e-01   -7.5310600733e-02
    6.2109375000e+00   -7.0674617644e-02   -5.5728464488e-02   -1.8357590394e-01   -1.8357590394e-01   -7.6509884838e-02
    6.2695312500e+00   -7.0711092339e-02   -5.5789037102e-02   -1.8387380615e-01   -1.8387380615e-01   -7.7703195855e-02
    6.3281250000e+00   -7.0794844148e-02   -5.5826381984e-02   -1.8417461238e-01   -1.8417461238e-01   -7.8851964175e-02
    6.3867187500e+00   -7.0910400225e-02   -5.5821564070e-02   -1.8448002938e-01   -1.8448002938e-01   -7.9942074159e-02
    6.4453125000e+00   -7.1041329385e-02   -5.5776948977e-02   -1.8479240170e-01   -1.8479240170e-01   -8.0984165074e-02
    6.5039062500e+00   -7.1171364163e-02   -5.5714330510e-02   -1.8511375161e-01   -1.8511375161e-01   -8.2001564099e-02
    6.5625000000e+00   -7.1282867651e-02   -5.5655535213e-02   -1.8544446121e-01   -1.8544446121e-01   -8.3010020582e-02
    6.6210937500e+00   -7.1355999505e-02   -5.5604882128e-02   -1.8578242267e-01   -1.8578242267e-01   -8.4003166949e-02
    6.6796875000e+00   -7.1372253889e-02   -5.5555026294e-02   -1.8612337461e-01   -1.8612337461e-01   -8.4952515584e-02
    6.7382812500e+00   -7.1321534452e-02   -5.5504081234e-02   -1.8646220775e-01   -1.8646220775e-01   -8.5819310248e-02
    6.7968750000e+00   -7.1207729505e-02   -5.5460864752e-02   -1.8679442215e-01   -1.8679442215e-01   -8.6571491837e-02
    6.8554687500e+00   -7.1048488174e-02   -5.5436518365e-02   -1.8711684662e-01   -1.8711684662e-01   -8.7197280630e-02
    6.9140625000e+00   -7.0869749144e-02   -5.5438850503e-02   -1.8742744601e-01   -1.8742744601e-01   -8.7708463328e-02
    6.9726562500e+00   -7.0698105130e-02   -5.5473926862e-02   -1.8772463574e-01   -1.8772463574e-01   -8.8132223064e-02
    7.0312500000e+00   -7.0553729269e-02   -5.5548608888e-02   -1.8800670316e-01   -1.8800670316e-01   -8.8498464658e-02
    7.0898437500e+00   -7.0445711895e-02   -5.5667890281e-02   -1.8827137365e-01   -1.8827137365e-01   -8.8831199611e-02
    7.1484375000e+00   -7.0372024121e-02   -5.5830210823e-02   -1.8851553505e-01   -1.8851553505e-01   -8.9147633627e-02
    7.2070312500e+00   -7.0324442642e-02   -5.6026233553e-02   -1.8873517829e-01   -1.8873517829e-01   -8.9460699824e-02
    7.2656250000e+00   -7.0295026616e-02   -5.6240901302e-02   -1.8892551158e-01   -1.8892551158e-01   -8.9777764337e-02
    7.3242187500e+00   -7.0278987448e-02   -5.6452413935e-02   -1.8908114123e-01   -1.8908114123e-01   -9.0092041332e-02
    7.3828125000e+00   -7.0272980705e-02   -5.6632385018e-02   -1.8919669454e-01   -1.8919669454e-01   -9.0373962946e-02
    7.4414062500e+00   -7.0272641629e-02   -5.6752746338e-02   -1.8926779863e-01   -1.8926779863e-01   -9.0575014333e-02
    7.5000000000e+00   -7.0273241081e-02   -5.6794916048e-02   -1.8929178930e-01   -1.8929178930e-01   -9.0648500536e-02
