99				!number of block (2D)
1					!number of block in spanwise direction (before interp)
4					!number of block in spanwise direction (after interp)
      70       51       61		!Interp之前的网格维数
      51       70       61
      36       51       61
      32       70       61
      31       70       61
      51       61       61
      41       61       61
      36       31       61
      31       70       61
      31       61       61
      70       51       61
      31       36       61
      51       36       61
      70       51       61
      31       70       61
      31       70       61
      31       36       61
      51       61       61
      41       61       61
      36       31       61
      31       70       61
      35       61       61
      51       70       61
      32       36       61
      36       51       61
      51       70       61
      41       70       61
      32       70       61
      51       70       61
      53       61       61
      51       70       61
      70       51       61
      51       36       61
      41       36       61
      51       36       61
      53       61       61
      31       36       61
      70       31       61
      31       61       61
      31       36       61
      51       36       61
      51       70       61
      32       61       61
      36       51       61
      41       70       61
      51       70       61
      61       31       61
      51       61       61
      31       36       61
      70       31       61
      31       61       61
      35       36       61
      31       70       61
      51       36       61
      51       36       61
      31       61       61
      70       51       61
      41       36       61
      51       36       61
      61       31       61
      51       61       61
      61       61       61
      35       70       61
      61       51       61
      51       61       61
      51       70       61
      53       36       61
      61       70       61
      51       61       61
      51       61       61
      31       36       61
      61       51       61
      51       61       61
      51       36       61
      32       36       61
      53       70       61
      61       36       61
      31       61       61
      51       61       61
      51       61       61
      31       36       61
      31       70       61
      31       61       61
      36       51       61
      36       51       61
      31       36       61
      53       70       61
      31       70       61
      31       61       61
      51       61       61
      31       61       61
      31       70       61
      32       61       61
      36       51       61
      70       51       61
      53       36       61
      31       36       61
      51       61       61
      31       61       61